	 0.8804347826086957 	 0.1 	 0.1 	 0.1 	 0.7

	 0.8804347826086957 	 0.1 	 0.1 	 0.2 	 0.6

	 0.8913043478260869 	 0.1 	 0.1 	 0.3 	 0.5

	 0.907608695652174 	 0.1 	 0.1 	 0.4 	 0.4

	 0.9021739130434783 	 0.1 	 0.1 	 0.5 	 0.3

	 0.9021739130434783 	 0.1 	 0.1 	 0.6 	 0.2

	 0.9021739130434783 	 0.1 	 0.1 	 0.7 	 0.1

	 0.8804347826086957 	 0.1 	 0.2 	 0.1 	 0.6

	 0.8913043478260869 	 0.1 	 0.2 	 0.2 	 0.5

	 0.8913043478260869 	 0.1 	 0.2 	 0.3 	 0.4

	 0.9130434782608695 	 0.1 	 0.2 	 0.4 	 0.3

improoved:  	 0.9130434782608695 	 0.1 	 0.2 	 0.4 	 0.3
	 0.9021739130434783 	 0.1 	 0.2 	 0.5 	 0.2

	 0.9021739130434783 	 0.1 	 0.2 	 0.6 	 0.1

	 0.8913043478260869 	 0.1 	 0.3 	 0.1 	 0.5

	 0.8913043478260869 	 0.1 	 0.3 	 0.2 	 0.4

	 0.8967391304347826 	 0.1 	 0.3 	 0.3 	 0.3

	 0.9130434782608695 	 0.1 	 0.3 	 0.4 	 0.2

improoved:  	 0.9130434782608695 	 0.1 	 0.3 	 0.4 	 0.2
	 0.9021739130434783 	 0.1 	 0.3 	 0.5 	 0.1

	 0.8913043478260869 	 0.1 	 0.3 	 0.6 	 1.0

	 0.8858695652173914 	 0.1 	 0.3 	 0.7 	 0.8

	 0.8858695652173914 	 0.1 	 0.3 	 0.7 	 0.9

	 0.8858695652173914 	 0.1 	 0.3 	 0.7 	 1.0

	 0.8804347826086957 	 0.1 	 0.3 	 0.8 	 0.7

	 0.8804347826086957 	 0.1 	 0.3 	 0.8 	 0.8

	 0.8858695652173914 	 0.1 	 0.3 	 0.8 	 0.9

	 0.8858695652173914 	 0.1 	 0.3 	 0.8 	 1.0

	 0.8804347826086957 	 0.1 	 0.3 	 0.9 	 0.7

	 0.8804347826086957 	 0.1 	 0.3 	 0.9 	 0.8

	 0.8858695652173914 	 0.1 	 0.3 	 0.9 	 0.9

	 0.8858695652173914 	 0.1 	 0.3 	 0.9 	 1.0

	 0.8858695652173914 	 0.1 	 0.3 	 1.0 	 0.6

	 0.8804347826086957 	 0.1 	 0.3 	 1.0 	 0.7

	 0.8804347826086957 	 0.1 	 0.3 	 1.0 	 0.8

	 0.8858695652173914 	 0.1 	 0.3 	 1.0 	 0.9

	 0.8858695652173914 	 0.1 	 0.3 	 1.0 	 1.0

	 0.8913043478260869 	 0.1 	 0.4 	 0.1 	 0.4

	 0.8967391304347826 	 0.1 	 0.4 	 0.2 	 0.3

	 0.8967391304347826 	 0.1 	 0.4 	 0.3 	 0.2

	 0.9130434782608695 	 0.1 	 0.4 	 0.4 	 0.1

improoved:  	 0.9130434782608695 	 0.1 	 0.4 	 0.4 	 0.1
	 0.8858695652173914 	 0.1 	 0.4 	 0.5 	 0.8

	 0.8858695652173914 	 0.1 	 0.4 	 0.5 	 0.9

	 0.8858695652173914 	 0.1 	 0.4 	 0.5 	 1.0

	 0.8858695652173914 	 0.1 	 0.4 	 0.6 	 0.7

	 0.8913043478260869 	 0.1 	 0.4 	 0.6 	 0.8

	 0.8913043478260869 	 0.1 	 0.4 	 0.6 	 0.9

	 0.8913043478260869 	 0.1 	 0.4 	 0.6 	 1.0

	 0.8858695652173914 	 0.1 	 0.4 	 0.7 	 0.6

	 0.8804347826086957 	 0.1 	 0.4 	 0.7 	 0.7

	 0.8858695652173914 	 0.1 	 0.4 	 0.7 	 0.8

	 0.8858695652173914 	 0.1 	 0.4 	 0.7 	 0.9

	 0.8858695652173914 	 0.1 	 0.4 	 0.7 	 1.0

	 0.8858695652173914 	 0.1 	 0.4 	 0.8 	 0.5

	 0.8858695652173914 	 0.1 	 0.4 	 0.8 	 0.6

	 0.8804347826086957 	 0.1 	 0.4 	 0.8 	 0.7

	 0.8804347826086957 	 0.1 	 0.4 	 0.8 	 0.8

	 0.8858695652173914 	 0.1 	 0.4 	 0.8 	 0.9

	 0.8858695652173914 	 0.1 	 0.4 	 0.8 	 1.0

	 0.8858695652173914 	 0.1 	 0.4 	 0.9 	 0.5

	 0.8858695652173914 	 0.1 	 0.4 	 0.9 	 0.6

	 0.8804347826086957 	 0.1 	 0.4 	 0.9 	 0.7

	 0.8804347826086957 	 0.1 	 0.4 	 0.9 	 0.8

	 0.8858695652173914 	 0.1 	 0.4 	 0.9 	 0.9

	 0.8858695652173914 	 0.1 	 0.4 	 0.9 	 1.0

	 0.8858695652173914 	 0.1 	 0.4 	 1.0 	 0.5

	 0.8858695652173914 	 0.1 	 0.4 	 1.0 	 0.6

	 0.8804347826086957 	 0.1 	 0.4 	 1.0 	 0.7

	 0.8804347826086957 	 0.1 	 0.4 	 1.0 	 0.8

	 0.8858695652173914 	 0.1 	 0.4 	 1.0 	 0.9

	 0.8858695652173914 	 0.1 	 0.4 	 1.0 	 1.0

	 0.875 	 0.1 	 0.5 	 0.1 	 0.3

	 0.875 	 0.1 	 0.5 	 0.2 	 0.2

	 0.875 	 0.1 	 0.5 	 0.3 	 0.1

	 0.8967391304347826 	 0.1 	 0.5 	 0.4 	 0.8

	 0.8967391304347826 	 0.1 	 0.5 	 0.4 	 0.9

	 0.8967391304347826 	 0.1 	 0.5 	 0.4 	 1.0

	 0.8913043478260869 	 0.1 	 0.5 	 0.5 	 0.6

	 0.8858695652173914 	 0.1 	 0.5 	 0.5 	 0.7

	 0.8858695652173914 	 0.1 	 0.5 	 0.5 	 0.8

	 0.8858695652173914 	 0.1 	 0.5 	 0.5 	 0.9

	 0.8858695652173914 	 0.1 	 0.5 	 0.5 	 1.0

	 0.8858695652173914 	 0.1 	 0.5 	 0.6 	 0.5

	 0.8913043478260869 	 0.1 	 0.5 	 0.6 	 0.6

	 0.8858695652173914 	 0.1 	 0.5 	 0.6 	 0.7

	 0.8913043478260869 	 0.1 	 0.5 	 0.6 	 0.8

	 0.8913043478260869 	 0.1 	 0.5 	 0.6 	 0.9

	 0.8913043478260869 	 0.1 	 0.5 	 0.6 	 1.0

	 0.8858695652173914 	 0.1 	 0.5 	 0.7 	 0.5

	 0.8858695652173914 	 0.1 	 0.5 	 0.7 	 0.6

	 0.8804347826086957 	 0.1 	 0.5 	 0.7 	 0.7

	 0.8858695652173914 	 0.1 	 0.5 	 0.7 	 0.8

	 0.8858695652173914 	 0.1 	 0.5 	 0.7 	 0.9

	 0.8858695652173914 	 0.1 	 0.5 	 0.7 	 1.0

	 0.8913043478260869 	 0.1 	 0.5 	 0.8 	 0.4

	 0.8858695652173914 	 0.1 	 0.5 	 0.8 	 0.5

	 0.8858695652173914 	 0.1 	 0.5 	 0.8 	 0.6

	 0.8804347826086957 	 0.1 	 0.5 	 0.8 	 0.7

	 0.8804347826086957 	 0.1 	 0.5 	 0.8 	 0.8

	 0.8858695652173914 	 0.1 	 0.5 	 0.8 	 0.9

	 0.8858695652173914 	 0.1 	 0.5 	 0.8 	 1.0

	 0.8913043478260869 	 0.1 	 0.5 	 0.9 	 0.4

	 0.8858695652173914 	 0.1 	 0.5 	 0.9 	 0.5

	 0.8858695652173914 	 0.1 	 0.5 	 0.9 	 0.6

	 0.8804347826086957 	 0.1 	 0.5 	 0.9 	 0.7

	 0.8804347826086957 	 0.1 	 0.5 	 0.9 	 0.8

	 0.8858695652173914 	 0.1 	 0.5 	 0.9 	 0.9

	 0.8858695652173914 	 0.1 	 0.5 	 0.9 	 1.0

	 0.8913043478260869 	 0.1 	 0.5 	 1.0 	 0.4

	 0.8858695652173914 	 0.1 	 0.5 	 1.0 	 0.5

	 0.8858695652173914 	 0.1 	 0.5 	 1.0 	 0.6

	 0.8804347826086957 	 0.1 	 0.5 	 1.0 	 0.7

	 0.8804347826086957 	 0.1 	 0.5 	 1.0 	 0.8

	 0.8858695652173914 	 0.1 	 0.5 	 1.0 	 0.9

	 0.8858695652173914 	 0.1 	 0.5 	 1.0 	 1.0

	 0.8858695652173914 	 0.1 	 0.6 	 0.1 	 0.2

	 0.8858695652173914 	 0.1 	 0.6 	 0.2 	 0.1

	 0.9021739130434783 	 0.1 	 0.6 	 0.3 	 1.0

	 0.9021739130434783 	 0.1 	 0.6 	 0.4 	 0.7

	 0.9021739130434783 	 0.1 	 0.6 	 0.4 	 0.8

	 0.9021739130434783 	 0.1 	 0.6 	 0.4 	 0.9

	 0.9021739130434783 	 0.1 	 0.6 	 0.4 	 1.0

	 0.907608695652174 	 0.1 	 0.6 	 0.5 	 0.5

	 0.9021739130434783 	 0.1 	 0.6 	 0.5 	 0.6

	 0.8967391304347826 	 0.1 	 0.6 	 0.5 	 0.7

	 0.8967391304347826 	 0.1 	 0.6 	 0.5 	 0.8

	 0.8967391304347826 	 0.1 	 0.6 	 0.5 	 0.9

	 0.8967391304347826 	 0.1 	 0.6 	 0.5 	 1.0

	 0.8967391304347826 	 0.1 	 0.6 	 0.6 	 0.5

	 0.8967391304347826 	 0.1 	 0.6 	 0.6 	 0.6

	 0.8913043478260869 	 0.1 	 0.6 	 0.6 	 0.7

	 0.8967391304347826 	 0.1 	 0.6 	 0.6 	 0.8

	 0.8967391304347826 	 0.1 	 0.6 	 0.6 	 0.9

	 0.8967391304347826 	 0.1 	 0.6 	 0.6 	 1.0

	 0.8967391304347826 	 0.1 	 0.6 	 0.7 	 0.4

	 0.8967391304347826 	 0.1 	 0.6 	 0.7 	 0.5

	 0.8913043478260869 	 0.1 	 0.6 	 0.7 	 0.6

	 0.8858695652173914 	 0.1 	 0.6 	 0.7 	 0.7

	 0.8913043478260869 	 0.1 	 0.6 	 0.7 	 0.8

	 0.8913043478260869 	 0.1 	 0.6 	 0.7 	 0.9

	 0.8913043478260869 	 0.1 	 0.6 	 0.7 	 1.0

	 0.8967391304347826 	 0.1 	 0.6 	 0.8 	 0.4

	 0.8967391304347826 	 0.1 	 0.6 	 0.8 	 0.5

	 0.8913043478260869 	 0.1 	 0.6 	 0.8 	 0.6

	 0.8858695652173914 	 0.1 	 0.6 	 0.8 	 0.7

	 0.8858695652173914 	 0.1 	 0.6 	 0.8 	 0.8

	 0.8913043478260869 	 0.1 	 0.6 	 0.8 	 0.9

	 0.8913043478260869 	 0.1 	 0.6 	 0.8 	 1.0

	 0.8967391304347826 	 0.1 	 0.6 	 0.9 	 0.4

	 0.8967391304347826 	 0.1 	 0.6 	 0.9 	 0.5

	 0.8913043478260869 	 0.1 	 0.6 	 0.9 	 0.6

	 0.8858695652173914 	 0.1 	 0.6 	 0.9 	 0.7

	 0.8858695652173914 	 0.1 	 0.6 	 0.9 	 0.8

	 0.8913043478260869 	 0.1 	 0.6 	 0.9 	 0.9

	 0.8913043478260869 	 0.1 	 0.6 	 0.9 	 1.0

	 0.8967391304347826 	 0.1 	 0.6 	 1.0 	 0.3

	 0.8967391304347826 	 0.1 	 0.6 	 1.0 	 0.4

	 0.8967391304347826 	 0.1 	 0.6 	 1.0 	 0.5

	 0.8913043478260869 	 0.1 	 0.6 	 1.0 	 0.6

	 0.8858695652173914 	 0.1 	 0.6 	 1.0 	 0.7

	 0.8858695652173914 	 0.1 	 0.6 	 1.0 	 0.8

	 0.8913043478260869 	 0.1 	 0.6 	 1.0 	 0.9

	 0.8913043478260869 	 0.1 	 0.6 	 1.0 	 1.0

	 0.8858695652173914 	 0.1 	 0.7 	 0.1 	 0.1

	 0.907608695652174 	 0.1 	 0.7 	 0.3 	 0.8

	 0.907608695652174 	 0.1 	 0.7 	 0.3 	 0.9

	 0.907608695652174 	 0.1 	 0.7 	 0.3 	 1.0

	 0.907608695652174 	 0.1 	 0.7 	 0.4 	 0.6

	 0.907608695652174 	 0.1 	 0.7 	 0.4 	 0.7

	 0.907608695652174 	 0.1 	 0.7 	 0.4 	 0.8

	 0.907608695652174 	 0.1 	 0.7 	 0.4 	 0.9

	 0.907608695652174 	 0.1 	 0.7 	 0.4 	 1.0

	 0.907608695652174 	 0.1 	 0.7 	 0.5 	 0.5

	 0.907608695652174 	 0.1 	 0.7 	 0.5 	 0.6

	 0.9021739130434783 	 0.1 	 0.7 	 0.5 	 0.7

	 0.9021739130434783 	 0.1 	 0.7 	 0.5 	 0.8

	 0.9021739130434783 	 0.1 	 0.7 	 0.5 	 0.9

	 0.9021739130434783 	 0.1 	 0.7 	 0.5 	 1.0

	 0.8913043478260869 	 0.1 	 0.7 	 0.6 	 0.4

	 0.8913043478260869 	 0.1 	 0.7 	 0.6 	 0.5

	 0.8967391304347826 	 0.1 	 0.7 	 0.6 	 0.6

	 0.8913043478260869 	 0.1 	 0.7 	 0.6 	 0.7

	 0.8967391304347826 	 0.1 	 0.7 	 0.6 	 0.8

	 0.8967391304347826 	 0.1 	 0.7 	 0.6 	 0.9

	 0.8967391304347826 	 0.1 	 0.7 	 0.6 	 1.0

	 0.8967391304347826 	 0.1 	 0.7 	 0.7 	 0.4

	 0.8967391304347826 	 0.1 	 0.7 	 0.7 	 0.5

	 0.8967391304347826 	 0.1 	 0.7 	 0.7 	 0.6

	 0.8913043478260869 	 0.1 	 0.7 	 0.7 	 0.7

	 0.8967391304347826 	 0.1 	 0.7 	 0.7 	 0.8

	 0.8967391304347826 	 0.1 	 0.7 	 0.7 	 0.9

	 0.8967391304347826 	 0.1 	 0.7 	 0.7 	 1.0

	 0.8967391304347826 	 0.1 	 0.7 	 0.8 	 0.3

	 0.8967391304347826 	 0.1 	 0.7 	 0.8 	 0.4

	 0.8967391304347826 	 0.1 	 0.7 	 0.8 	 0.5

	 0.8967391304347826 	 0.1 	 0.7 	 0.8 	 0.6

	 0.8913043478260869 	 0.1 	 0.7 	 0.8 	 0.7

	 0.8913043478260869 	 0.1 	 0.7 	 0.8 	 0.8

	 0.8967391304347826 	 0.1 	 0.7 	 0.8 	 0.9

	 0.8967391304347826 	 0.1 	 0.7 	 0.8 	 1.0

	 0.8967391304347826 	 0.1 	 0.7 	 0.9 	 0.3

	 0.8967391304347826 	 0.1 	 0.7 	 0.9 	 0.4

	 0.8967391304347826 	 0.1 	 0.7 	 0.9 	 0.5

	 0.8967391304347826 	 0.1 	 0.7 	 0.9 	 0.6

	 0.8913043478260869 	 0.1 	 0.7 	 0.9 	 0.7

	 0.8913043478260869 	 0.1 	 0.7 	 0.9 	 0.8

	 0.8967391304347826 	 0.1 	 0.7 	 0.9 	 0.9

	 0.8967391304347826 	 0.1 	 0.7 	 0.9 	 1.0

	 0.8967391304347826 	 0.1 	 0.7 	 1.0 	 0.3

	 0.8967391304347826 	 0.1 	 0.7 	 1.0 	 0.4

	 0.8967391304347826 	 0.1 	 0.7 	 1.0 	 0.5

	 0.8967391304347826 	 0.1 	 0.7 	 1.0 	 0.6

	 0.8913043478260869 	 0.1 	 0.7 	 1.0 	 0.7

	 0.8913043478260869 	 0.1 	 0.7 	 1.0 	 0.8

	 0.8967391304347826 	 0.1 	 0.7 	 1.0 	 0.9

	 0.8967391304347826 	 0.1 	 0.7 	 1.0 	 1.0

	 0.907608695652174 	 0.1 	 0.8 	 0.3 	 0.7

	 0.907608695652174 	 0.1 	 0.8 	 0.3 	 0.8

	 0.907608695652174 	 0.1 	 0.8 	 0.3 	 0.9

	 0.907608695652174 	 0.1 	 0.8 	 0.3 	 1.0

	 0.907608695652174 	 0.1 	 0.8 	 0.4 	 0.5

	 0.907608695652174 	 0.1 	 0.8 	 0.4 	 0.6

	 0.907608695652174 	 0.1 	 0.8 	 0.4 	 0.7

	 0.907608695652174 	 0.1 	 0.8 	 0.4 	 0.8

	 0.907608695652174 	 0.1 	 0.8 	 0.4 	 0.9

	 0.907608695652174 	 0.1 	 0.8 	 0.4 	 1.0

	 0.9021739130434783 	 0.1 	 0.8 	 0.5 	 0.4

	 0.907608695652174 	 0.1 	 0.8 	 0.5 	 0.5

	 0.907608695652174 	 0.1 	 0.8 	 0.5 	 0.6

	 0.9021739130434783 	 0.1 	 0.8 	 0.5 	 0.7

	 0.9021739130434783 	 0.1 	 0.8 	 0.5 	 0.8

	 0.9021739130434783 	 0.1 	 0.8 	 0.5 	 0.9

	 0.9021739130434783 	 0.1 	 0.8 	 0.5 	 1.0

	 0.8913043478260869 	 0.1 	 0.8 	 0.6 	 0.4

	 0.8913043478260869 	 0.1 	 0.8 	 0.6 	 0.5

	 0.8967391304347826 	 0.1 	 0.8 	 0.6 	 0.6

	 0.8913043478260869 	 0.1 	 0.8 	 0.6 	 0.7

	 0.8967391304347826 	 0.1 	 0.8 	 0.6 	 0.8

	 0.8967391304347826 	 0.1 	 0.8 	 0.6 	 0.9

	 0.8967391304347826 	 0.1 	 0.8 	 0.6 	 1.0

	 0.8967391304347826 	 0.1 	 0.8 	 0.7 	 0.3

	 0.8967391304347826 	 0.1 	 0.8 	 0.7 	 0.4

	 0.8967391304347826 	 0.1 	 0.8 	 0.7 	 0.5

	 0.8967391304347826 	 0.1 	 0.8 	 0.7 	 0.6

	 0.8913043478260869 	 0.1 	 0.8 	 0.7 	 0.7

	 0.8967391304347826 	 0.1 	 0.8 	 0.7 	 0.8

	 0.8967391304347826 	 0.1 	 0.8 	 0.7 	 0.9

	 0.8967391304347826 	 0.1 	 0.8 	 0.7 	 1.0

	 0.8967391304347826 	 0.1 	 0.8 	 0.8 	 0.3

	 0.8967391304347826 	 0.1 	 0.8 	 0.8 	 0.4

	 0.8967391304347826 	 0.1 	 0.8 	 0.8 	 0.5

	 0.8967391304347826 	 0.1 	 0.8 	 0.8 	 0.6

	 0.8913043478260869 	 0.1 	 0.8 	 0.8 	 0.7

	 0.8913043478260869 	 0.1 	 0.8 	 0.8 	 0.8

	 0.8967391304347826 	 0.1 	 0.8 	 0.8 	 0.9

	 0.8967391304347826 	 0.1 	 0.8 	 0.8 	 1.0

	 0.8967391304347826 	 0.1 	 0.8 	 0.9 	 0.3

	 0.8967391304347826 	 0.1 	 0.8 	 0.9 	 0.4

	 0.8967391304347826 	 0.1 	 0.8 	 0.9 	 0.5

	 0.8967391304347826 	 0.1 	 0.8 	 0.9 	 0.6

	 0.8913043478260869 	 0.1 	 0.8 	 0.9 	 0.7

	 0.8913043478260869 	 0.1 	 0.8 	 0.9 	 0.8

	 0.8967391304347826 	 0.1 	 0.8 	 0.9 	 0.9

	 0.8967391304347826 	 0.1 	 0.8 	 0.9 	 1.0

	 0.8967391304347826 	 0.1 	 0.8 	 1.0 	 0.3

	 0.8967391304347826 	 0.1 	 0.8 	 1.0 	 0.4

	 0.8967391304347826 	 0.1 	 0.8 	 1.0 	 0.5

	 0.8967391304347826 	 0.1 	 0.8 	 1.0 	 0.6

	 0.8913043478260869 	 0.1 	 0.8 	 1.0 	 0.7

	 0.8913043478260869 	 0.1 	 0.8 	 1.0 	 0.8

	 0.8967391304347826 	 0.1 	 0.8 	 1.0 	 0.9

	 0.8967391304347826 	 0.1 	 0.8 	 1.0 	 1.0

	 0.907608695652174 	 0.1 	 0.9 	 0.3 	 0.7

	 0.907608695652174 	 0.1 	 0.9 	 0.3 	 0.8

	 0.907608695652174 	 0.1 	 0.9 	 0.3 	 0.9

	 0.907608695652174 	 0.1 	 0.9 	 0.3 	 1.0

	 0.907608695652174 	 0.1 	 0.9 	 0.4 	 0.5

	 0.907608695652174 	 0.1 	 0.9 	 0.4 	 0.6

	 0.907608695652174 	 0.1 	 0.9 	 0.4 	 0.7

	 0.907608695652174 	 0.1 	 0.9 	 0.4 	 0.8

	 0.907608695652174 	 0.1 	 0.9 	 0.4 	 0.9

	 0.907608695652174 	 0.1 	 0.9 	 0.4 	 1.0

	 0.9021739130434783 	 0.1 	 0.9 	 0.5 	 0.4

	 0.907608695652174 	 0.1 	 0.9 	 0.5 	 0.5

	 0.907608695652174 	 0.1 	 0.9 	 0.5 	 0.6

	 0.9021739130434783 	 0.1 	 0.9 	 0.5 	 0.7

	 0.9021739130434783 	 0.1 	 0.9 	 0.5 	 0.8

	 0.9021739130434783 	 0.1 	 0.9 	 0.5 	 0.9

	 0.9021739130434783 	 0.1 	 0.9 	 0.5 	 1.0

	 0.8913043478260869 	 0.1 	 0.9 	 0.6 	 0.4

	 0.8913043478260869 	 0.1 	 0.9 	 0.6 	 0.5

	 0.8967391304347826 	 0.1 	 0.9 	 0.6 	 0.6

	 0.8913043478260869 	 0.1 	 0.9 	 0.6 	 0.7

	 0.8967391304347826 	 0.1 	 0.9 	 0.6 	 0.8

	 0.8967391304347826 	 0.1 	 0.9 	 0.6 	 0.9

	 0.8967391304347826 	 0.1 	 0.9 	 0.6 	 1.0

	 0.8967391304347826 	 0.1 	 0.9 	 0.7 	 0.3

	 0.8967391304347826 	 0.1 	 0.9 	 0.7 	 0.4

	 0.8967391304347826 	 0.1 	 0.9 	 0.7 	 0.5

	 0.8967391304347826 	 0.1 	 0.9 	 0.7 	 0.6

	 0.8913043478260869 	 0.1 	 0.9 	 0.7 	 0.7

	 0.8967391304347826 	 0.1 	 0.9 	 0.7 	 0.8

	 0.8967391304347826 	 0.1 	 0.9 	 0.7 	 0.9

	 0.8967391304347826 	 0.1 	 0.9 	 0.7 	 1.0

	 0.8967391304347826 	 0.1 	 0.9 	 0.8 	 0.3

	 0.8967391304347826 	 0.1 	 0.9 	 0.8 	 0.4

	 0.8967391304347826 	 0.1 	 0.9 	 0.8 	 0.5

	 0.8967391304347826 	 0.1 	 0.9 	 0.8 	 0.6

	 0.8913043478260869 	 0.1 	 0.9 	 0.8 	 0.7

	 0.8913043478260869 	 0.1 	 0.9 	 0.8 	 0.8

	 0.8967391304347826 	 0.1 	 0.9 	 0.8 	 0.9

	 0.8967391304347826 	 0.1 	 0.9 	 0.8 	 1.0

	 0.8967391304347826 	 0.1 	 0.9 	 0.9 	 0.3

	 0.8967391304347826 	 0.1 	 0.9 	 0.9 	 0.4

	 0.8967391304347826 	 0.1 	 0.9 	 0.9 	 0.5

	 0.8967391304347826 	 0.1 	 0.9 	 0.9 	 0.6

	 0.8913043478260869 	 0.1 	 0.9 	 0.9 	 0.7

	 0.8913043478260869 	 0.1 	 0.9 	 0.9 	 0.8

	 0.8967391304347826 	 0.1 	 0.9 	 0.9 	 0.9

	 0.8967391304347826 	 0.1 	 0.9 	 0.9 	 1.0

	 0.8967391304347826 	 0.1 	 0.9 	 1.0 	 0.3

	 0.8967391304347826 	 0.1 	 0.9 	 1.0 	 0.4

	 0.8967391304347826 	 0.1 	 0.9 	 1.0 	 0.5

	 0.8967391304347826 	 0.1 	 0.9 	 1.0 	 0.6

	 0.8913043478260869 	 0.1 	 0.9 	 1.0 	 0.7

	 0.8913043478260869 	 0.1 	 0.9 	 1.0 	 0.8

	 0.8967391304347826 	 0.1 	 0.9 	 1.0 	 0.9

	 0.8967391304347826 	 0.1 	 0.9 	 1.0 	 1.0

	 0.907608695652174 	 0.1 	 1.0 	 0.3 	 0.6

	 0.907608695652174 	 0.1 	 1.0 	 0.3 	 0.7

	 0.907608695652174 	 0.1 	 1.0 	 0.3 	 0.8

	 0.907608695652174 	 0.1 	 1.0 	 0.3 	 0.9

	 0.907608695652174 	 0.1 	 1.0 	 0.3 	 1.0

	 0.907608695652174 	 0.1 	 1.0 	 0.4 	 0.5

	 0.907608695652174 	 0.1 	 1.0 	 0.4 	 0.6

	 0.907608695652174 	 0.1 	 1.0 	 0.4 	 0.7

	 0.907608695652174 	 0.1 	 1.0 	 0.4 	 0.8

	 0.907608695652174 	 0.1 	 1.0 	 0.4 	 0.9

	 0.907608695652174 	 0.1 	 1.0 	 0.4 	 1.0

	 0.9021739130434783 	 0.1 	 1.0 	 0.5 	 0.4

	 0.907608695652174 	 0.1 	 1.0 	 0.5 	 0.5

	 0.907608695652174 	 0.1 	 1.0 	 0.5 	 0.6

	 0.9021739130434783 	 0.1 	 1.0 	 0.5 	 0.7

	 0.9021739130434783 	 0.1 	 1.0 	 0.5 	 0.8

	 0.9021739130434783 	 0.1 	 1.0 	 0.5 	 0.9

	 0.9021739130434783 	 0.1 	 1.0 	 0.5 	 1.0

	 0.8913043478260869 	 0.1 	 1.0 	 0.6 	 0.3

	 0.8913043478260869 	 0.1 	 1.0 	 0.6 	 0.4

	 0.8913043478260869 	 0.1 	 1.0 	 0.6 	 0.5

	 0.8967391304347826 	 0.1 	 1.0 	 0.6 	 0.6

	 0.8913043478260869 	 0.1 	 1.0 	 0.6 	 0.7

	 0.8967391304347826 	 0.1 	 1.0 	 0.6 	 0.8

	 0.8967391304347826 	 0.1 	 1.0 	 0.6 	 0.9

	 0.8967391304347826 	 0.1 	 1.0 	 0.6 	 1.0

	 0.8967391304347826 	 0.1 	 1.0 	 0.7 	 0.3

	 0.8967391304347826 	 0.1 	 1.0 	 0.7 	 0.4

	 0.8967391304347826 	 0.1 	 1.0 	 0.7 	 0.5

	 0.8967391304347826 	 0.1 	 1.0 	 0.7 	 0.6

	 0.8913043478260869 	 0.1 	 1.0 	 0.7 	 0.7

	 0.8967391304347826 	 0.1 	 1.0 	 0.7 	 0.8

	 0.8967391304347826 	 0.1 	 1.0 	 0.7 	 0.9

	 0.8967391304347826 	 0.1 	 1.0 	 0.7 	 1.0

	 0.8967391304347826 	 0.1 	 1.0 	 0.8 	 0.3

	 0.8967391304347826 	 0.1 	 1.0 	 0.8 	 0.4

	 0.8967391304347826 	 0.1 	 1.0 	 0.8 	 0.5

	 0.8967391304347826 	 0.1 	 1.0 	 0.8 	 0.6

	 0.8913043478260869 	 0.1 	 1.0 	 0.8 	 0.7

	 0.8913043478260869 	 0.1 	 1.0 	 0.8 	 0.8

	 0.8967391304347826 	 0.1 	 1.0 	 0.8 	 0.9

	 0.8967391304347826 	 0.1 	 1.0 	 0.8 	 1.0

	 0.8967391304347826 	 0.1 	 1.0 	 0.9 	 0.3

	 0.8967391304347826 	 0.1 	 1.0 	 0.9 	 0.4

	 0.8967391304347826 	 0.1 	 1.0 	 0.9 	 0.5

	 0.8967391304347826 	 0.1 	 1.0 	 0.9 	 0.6

	 0.8913043478260869 	 0.1 	 1.0 	 0.9 	 0.7

	 0.8913043478260869 	 0.1 	 1.0 	 0.9 	 0.8

	 0.8967391304347826 	 0.1 	 1.0 	 0.9 	 0.9

	 0.8967391304347826 	 0.1 	 1.0 	 0.9 	 1.0

	 0.8967391304347826 	 0.1 	 1.0 	 1.0 	 0.3

	 0.8967391304347826 	 0.1 	 1.0 	 1.0 	 0.4

	 0.8967391304347826 	 0.1 	 1.0 	 1.0 	 0.5

	 0.8967391304347826 	 0.1 	 1.0 	 1.0 	 0.6

	 0.8913043478260869 	 0.1 	 1.0 	 1.0 	 0.7

	 0.8913043478260869 	 0.1 	 1.0 	 1.0 	 0.8

	 0.8967391304347826 	 0.1 	 1.0 	 1.0 	 0.9

	 0.8967391304347826 	 0.1 	 1.0 	 1.0 	 1.0

	 0.8804347826086957 	 0.2 	 0.1 	 0.1 	 0.6

	 0.8913043478260869 	 0.2 	 0.1 	 0.2 	 0.5

	 0.9130434782608695 	 0.2 	 0.1 	 0.3 	 0.4

improoved:  	 0.9130434782608695 	 0.2 	 0.1 	 0.3 	 0.4
	 0.8967391304347826 	 0.2 	 0.1 	 0.4 	 0.3

	 0.9021739130434783 	 0.2 	 0.1 	 0.5 	 0.2

	 0.9021739130434783 	 0.2 	 0.1 	 0.6 	 0.1

	 0.8913043478260869 	 0.2 	 0.2 	 0.1 	 0.5

	 0.8967391304347826 	 0.2 	 0.2 	 0.2 	 0.4

	 0.907608695652174 	 0.2 	 0.2 	 0.3 	 0.3

	 0.9021739130434783 	 0.2 	 0.2 	 0.4 	 0.2

	 0.9021739130434783 	 0.2 	 0.2 	 0.5 	 0.1

	 0.8967391304347826 	 0.2 	 0.3 	 0.1 	 0.4

	 0.8913043478260869 	 0.2 	 0.3 	 0.2 	 0.3

	 0.9130434782608695 	 0.2 	 0.3 	 0.3 	 0.2

improoved:  	 0.9130434782608695 	 0.2 	 0.3 	 0.3 	 0.2
	 0.9021739130434783 	 0.2 	 0.3 	 0.4 	 0.1

	 0.8913043478260869 	 0.2 	 0.4 	 0.1 	 0.3

	 0.8967391304347826 	 0.2 	 0.4 	 0.2 	 0.2

	 0.9130434782608695 	 0.2 	 0.4 	 0.3 	 0.1

improoved:  	 0.9130434782608695 	 0.2 	 0.4 	 0.3 	 0.1
	 0.875 	 0.2 	 0.5 	 0.1 	 0.2

	 0.875 	 0.2 	 0.5 	 0.2 	 0.1

	 0.8858695652173914 	 0.2 	 0.6 	 0.1 	 0.1

	 0.8967391304347826 	 0.2 	 0.7 	 1.0 	 1.0

	 0.8967391304347826 	 0.2 	 0.8 	 0.9 	 0.9

	 0.8967391304347826 	 0.2 	 0.8 	 0.9 	 1.0

	 0.8967391304347826 	 0.2 	 0.8 	 1.0 	 0.9

	 0.8967391304347826 	 0.2 	 0.8 	 1.0 	 1.0

	 0.8967391304347826 	 0.2 	 0.9 	 0.8 	 0.9

	 0.8967391304347826 	 0.2 	 0.9 	 0.8 	 1.0

	 0.8913043478260869 	 0.2 	 0.9 	 0.9 	 0.8

	 0.8967391304347826 	 0.2 	 0.9 	 0.9 	 0.9

	 0.8967391304347826 	 0.2 	 0.9 	 0.9 	 1.0

	 0.8913043478260869 	 0.2 	 0.9 	 1.0 	 0.8

	 0.8967391304347826 	 0.2 	 0.9 	 1.0 	 0.9

	 0.8967391304347826 	 0.2 	 0.9 	 1.0 	 1.0

	 0.8967391304347826 	 0.2 	 1.0 	 0.7 	 1.0

	 0.8967391304347826 	 0.2 	 1.0 	 0.8 	 0.9

	 0.8967391304347826 	 0.2 	 1.0 	 0.8 	 1.0

	 0.8913043478260869 	 0.2 	 1.0 	 0.9 	 0.8

	 0.8967391304347826 	 0.2 	 1.0 	 0.9 	 0.9

	 0.8967391304347826 	 0.2 	 1.0 	 0.9 	 1.0

	 0.8913043478260869 	 0.2 	 1.0 	 1.0 	 0.7

	 0.8913043478260869 	 0.2 	 1.0 	 1.0 	 0.8

	 0.8967391304347826 	 0.2 	 1.0 	 1.0 	 0.9

	 0.8967391304347826 	 0.2 	 1.0 	 1.0 	 1.0

	 0.8913043478260869 	 0.3 	 0.1 	 0.1 	 0.5

	 0.9130434782608695 	 0.3 	 0.1 	 0.2 	 0.4

improoved:  	 0.9130434782608695 	 0.3 	 0.1 	 0.2 	 0.4
	 0.9021739130434783 	 0.3 	 0.1 	 0.3 	 0.3

	 0.8967391304347826 	 0.3 	 0.1 	 0.4 	 0.2

	 0.9021739130434783 	 0.3 	 0.1 	 0.5 	 0.1

	 0.8913043478260869 	 0.3 	 0.1 	 0.6 	 1.0

	 0.8858695652173914 	 0.3 	 0.1 	 0.7 	 0.8

	 0.8858695652173914 	 0.3 	 0.1 	 0.7 	 0.9

	 0.8858695652173914 	 0.3 	 0.1 	 0.7 	 1.0

	 0.8804347826086957 	 0.3 	 0.1 	 0.8 	 0.7

	 0.8804347826086957 	 0.3 	 0.1 	 0.8 	 0.8

	 0.8858695652173914 	 0.3 	 0.1 	 0.8 	 0.9

	 0.8858695652173914 	 0.3 	 0.1 	 0.8 	 1.0

	 0.8804347826086957 	 0.3 	 0.1 	 0.9 	 0.7

	 0.8804347826086957 	 0.3 	 0.1 	 0.9 	 0.8

	 0.8858695652173914 	 0.3 	 0.1 	 0.9 	 0.9

	 0.8858695652173914 	 0.3 	 0.1 	 0.9 	 1.0

	 0.8858695652173914 	 0.3 	 0.1 	 1.0 	 0.6

	 0.8804347826086957 	 0.3 	 0.1 	 1.0 	 0.7

	 0.8804347826086957 	 0.3 	 0.1 	 1.0 	 0.8

	 0.8858695652173914 	 0.3 	 0.1 	 1.0 	 0.9

	 0.8858695652173914 	 0.3 	 0.1 	 1.0 	 1.0

	 0.8967391304347826 	 0.3 	 0.2 	 0.1 	 0.4

	 0.9130434782608695 	 0.3 	 0.2 	 0.2 	 0.3

improoved:  	 0.9130434782608695 	 0.3 	 0.2 	 0.2 	 0.3
	 0.8967391304347826 	 0.3 	 0.2 	 0.3 	 0.2

	 0.9021739130434783 	 0.3 	 0.2 	 0.4 	 0.1

	 0.8967391304347826 	 0.3 	 0.3 	 0.1 	 0.3

	 0.907608695652174 	 0.3 	 0.3 	 0.2 	 0.2

	 0.9021739130434783 	 0.3 	 0.3 	 0.3 	 0.1

	 0.8913043478260869 	 0.3 	 0.4 	 0.1 	 0.2

	 0.9130434782608695 	 0.3 	 0.4 	 0.2 	 0.1

improoved:  	 0.9130434782608695 	 0.3 	 0.4 	 0.2 	 0.1
	 0.875 	 0.3 	 0.5 	 0.1 	 0.1

	 0.9021739130434783 	 0.3 	 0.6 	 0.1 	 1.0

	 0.8967391304347826 	 0.3 	 0.6 	 1.0 	 0.1

	 0.907608695652174 	 0.3 	 0.7 	 0.1 	 0.8

	 0.907608695652174 	 0.3 	 0.7 	 0.1 	 0.9

	 0.907608695652174 	 0.3 	 0.7 	 0.1 	 1.0

	 0.8967391304347826 	 0.3 	 0.7 	 0.8 	 0.1

	 0.8967391304347826 	 0.3 	 0.7 	 0.9 	 0.1

	 0.8967391304347826 	 0.3 	 0.7 	 1.0 	 0.1

	 0.907608695652174 	 0.3 	 0.8 	 0.1 	 0.7

	 0.907608695652174 	 0.3 	 0.8 	 0.1 	 0.8

	 0.907608695652174 	 0.3 	 0.8 	 0.1 	 0.9

	 0.907608695652174 	 0.3 	 0.8 	 0.1 	 1.0

	 0.8967391304347826 	 0.3 	 0.8 	 0.7 	 0.1

	 0.8967391304347826 	 0.3 	 0.8 	 0.8 	 0.1

	 0.8967391304347826 	 0.3 	 0.8 	 0.9 	 0.1

	 0.8967391304347826 	 0.3 	 0.8 	 1.0 	 0.1

	 0.907608695652174 	 0.3 	 0.9 	 0.1 	 0.7

	 0.907608695652174 	 0.3 	 0.9 	 0.1 	 0.8

	 0.907608695652174 	 0.3 	 0.9 	 0.1 	 0.9

	 0.907608695652174 	 0.3 	 0.9 	 0.1 	 1.0

	 0.8967391304347826 	 0.3 	 0.9 	 0.7 	 0.1

	 0.8967391304347826 	 0.3 	 0.9 	 0.8 	 0.1

	 0.8967391304347826 	 0.3 	 0.9 	 0.9 	 0.1

	 0.8967391304347826 	 0.3 	 0.9 	 1.0 	 0.1

	 0.907608695652174 	 0.3 	 1.0 	 0.1 	 0.6

	 0.907608695652174 	 0.3 	 1.0 	 0.1 	 0.7

	 0.907608695652174 	 0.3 	 1.0 	 0.1 	 0.8

	 0.907608695652174 	 0.3 	 1.0 	 0.1 	 0.9

	 0.907608695652174 	 0.3 	 1.0 	 0.1 	 1.0

	 0.8913043478260869 	 0.3 	 1.0 	 0.6 	 0.1

	 0.8967391304347826 	 0.3 	 1.0 	 0.7 	 0.1

	 0.8967391304347826 	 0.3 	 1.0 	 0.8 	 0.1

	 0.8967391304347826 	 0.3 	 1.0 	 0.9 	 0.1

	 0.8967391304347826 	 0.3 	 1.0 	 1.0 	 0.1

	 0.9130434782608695 	 0.4 	 0.1 	 0.1 	 0.4

improoved:  	 0.9130434782608695 	 0.4 	 0.1 	 0.1 	 0.4
	 0.9021739130434783 	 0.4 	 0.1 	 0.2 	 0.3

	 0.9021739130434783 	 0.4 	 0.1 	 0.3 	 0.2

	 0.8967391304347826 	 0.4 	 0.1 	 0.4 	 0.1

	 0.8858695652173914 	 0.4 	 0.1 	 0.5 	 0.8

	 0.8858695652173914 	 0.4 	 0.1 	 0.5 	 0.9

	 0.8858695652173914 	 0.4 	 0.1 	 0.5 	 1.0

	 0.8858695652173914 	 0.4 	 0.1 	 0.6 	 0.7

	 0.8913043478260869 	 0.4 	 0.1 	 0.6 	 0.8

	 0.8913043478260869 	 0.4 	 0.1 	 0.6 	 0.9

	 0.8913043478260869 	 0.4 	 0.1 	 0.6 	 1.0

	 0.8858695652173914 	 0.4 	 0.1 	 0.7 	 0.6

	 0.8804347826086957 	 0.4 	 0.1 	 0.7 	 0.7

	 0.8858695652173914 	 0.4 	 0.1 	 0.7 	 0.8

	 0.8858695652173914 	 0.4 	 0.1 	 0.7 	 0.9

	 0.8858695652173914 	 0.4 	 0.1 	 0.7 	 1.0

	 0.8913043478260869 	 0.4 	 0.1 	 0.8 	 0.5

	 0.8858695652173914 	 0.4 	 0.1 	 0.8 	 0.6

	 0.8804347826086957 	 0.4 	 0.1 	 0.8 	 0.7

	 0.8804347826086957 	 0.4 	 0.1 	 0.8 	 0.8

	 0.8858695652173914 	 0.4 	 0.1 	 0.8 	 0.9

	 0.8858695652173914 	 0.4 	 0.1 	 0.8 	 1.0

	 0.8913043478260869 	 0.4 	 0.1 	 0.9 	 0.5

	 0.8858695652173914 	 0.4 	 0.1 	 0.9 	 0.6

	 0.8804347826086957 	 0.4 	 0.1 	 0.9 	 0.7

	 0.8804347826086957 	 0.4 	 0.1 	 0.9 	 0.8

	 0.8858695652173914 	 0.4 	 0.1 	 0.9 	 0.9

	 0.8858695652173914 	 0.4 	 0.1 	 0.9 	 1.0

	 0.8913043478260869 	 0.4 	 0.1 	 1.0 	 0.5

	 0.8858695652173914 	 0.4 	 0.1 	 1.0 	 0.6

	 0.8804347826086957 	 0.4 	 0.1 	 1.0 	 0.7

	 0.8804347826086957 	 0.4 	 0.1 	 1.0 	 0.8

	 0.8858695652173914 	 0.4 	 0.1 	 1.0 	 0.9

	 0.8858695652173914 	 0.4 	 0.1 	 1.0 	 1.0

	 0.9130434782608695 	 0.4 	 0.2 	 0.1 	 0.3

improoved:  	 0.9130434782608695 	 0.4 	 0.2 	 0.1 	 0.3
	 0.9021739130434783 	 0.4 	 0.2 	 0.2 	 0.2

	 0.8967391304347826 	 0.4 	 0.2 	 0.3 	 0.1

	 0.9130434782608695 	 0.4 	 0.3 	 0.1 	 0.2

improoved:  	 0.9130434782608695 	 0.4 	 0.3 	 0.1 	 0.2
	 0.8967391304347826 	 0.4 	 0.3 	 0.2 	 0.1

	 0.907608695652174 	 0.4 	 0.4 	 0.1 	 0.1

	 0.8967391304347826 	 0.4 	 0.5 	 0.1 	 0.8

	 0.8967391304347826 	 0.4 	 0.5 	 0.1 	 0.9

	 0.8967391304347826 	 0.4 	 0.5 	 0.1 	 1.0

	 0.8967391304347826 	 0.4 	 0.5 	 0.8 	 0.1

	 0.8967391304347826 	 0.4 	 0.5 	 0.9 	 0.1

	 0.8967391304347826 	 0.4 	 0.5 	 1.0 	 0.1

	 0.9021739130434783 	 0.4 	 0.6 	 0.1 	 0.7

	 0.9021739130434783 	 0.4 	 0.6 	 0.1 	 0.8

	 0.9021739130434783 	 0.4 	 0.6 	 0.1 	 0.9

	 0.9021739130434783 	 0.4 	 0.6 	 0.1 	 1.0

	 0.8967391304347826 	 0.4 	 0.6 	 0.7 	 0.1

	 0.8967391304347826 	 0.4 	 0.6 	 0.8 	 0.1

	 0.8967391304347826 	 0.4 	 0.6 	 0.9 	 0.1

	 0.8967391304347826 	 0.4 	 0.6 	 1.0 	 0.1

	 0.907608695652174 	 0.4 	 0.7 	 0.1 	 0.6

	 0.907608695652174 	 0.4 	 0.7 	 0.1 	 0.7

	 0.907608695652174 	 0.4 	 0.7 	 0.1 	 0.8

	 0.907608695652174 	 0.4 	 0.7 	 0.1 	 0.9

	 0.907608695652174 	 0.4 	 0.7 	 0.1 	 1.0

	 0.8913043478260869 	 0.4 	 0.7 	 0.6 	 0.1

	 0.8967391304347826 	 0.4 	 0.7 	 0.7 	 0.1

	 0.8967391304347826 	 0.4 	 0.7 	 0.8 	 0.1

	 0.8967391304347826 	 0.4 	 0.7 	 0.9 	 0.1

	 0.8967391304347826 	 0.4 	 0.7 	 1.0 	 0.1

	 0.907608695652174 	 0.4 	 0.8 	 0.1 	 0.5

	 0.907608695652174 	 0.4 	 0.8 	 0.1 	 0.6

	 0.907608695652174 	 0.4 	 0.8 	 0.1 	 0.7

	 0.907608695652174 	 0.4 	 0.8 	 0.1 	 0.8

	 0.907608695652174 	 0.4 	 0.8 	 0.1 	 0.9

	 0.907608695652174 	 0.4 	 0.8 	 0.1 	 1.0

	 0.8913043478260869 	 0.4 	 0.8 	 0.5 	 0.1

	 0.8913043478260869 	 0.4 	 0.8 	 0.6 	 0.1

	 0.8967391304347826 	 0.4 	 0.8 	 0.7 	 0.1

	 0.8967391304347826 	 0.4 	 0.8 	 0.8 	 0.1

	 0.8967391304347826 	 0.4 	 0.8 	 0.9 	 0.1

	 0.8967391304347826 	 0.4 	 0.8 	 1.0 	 0.1

	 0.907608695652174 	 0.4 	 0.9 	 0.1 	 0.5

	 0.907608695652174 	 0.4 	 0.9 	 0.1 	 0.6

	 0.907608695652174 	 0.4 	 0.9 	 0.1 	 0.7

	 0.907608695652174 	 0.4 	 0.9 	 0.1 	 0.8

	 0.907608695652174 	 0.4 	 0.9 	 0.1 	 0.9

	 0.907608695652174 	 0.4 	 0.9 	 0.1 	 1.0

	 0.8913043478260869 	 0.4 	 0.9 	 0.5 	 0.1

	 0.8913043478260869 	 0.4 	 0.9 	 0.6 	 0.1

	 0.8967391304347826 	 0.4 	 0.9 	 0.7 	 0.1

	 0.8967391304347826 	 0.4 	 0.9 	 0.8 	 0.1

	 0.8967391304347826 	 0.4 	 0.9 	 0.9 	 0.1

	 0.8967391304347826 	 0.4 	 0.9 	 1.0 	 0.1

	 0.907608695652174 	 0.4 	 1.0 	 0.1 	 0.5

	 0.907608695652174 	 0.4 	 1.0 	 0.1 	 0.6

	 0.907608695652174 	 0.4 	 1.0 	 0.1 	 0.7

	 0.907608695652174 	 0.4 	 1.0 	 0.1 	 0.8

	 0.907608695652174 	 0.4 	 1.0 	 0.1 	 0.9

	 0.907608695652174 	 0.4 	 1.0 	 0.1 	 1.0

	 0.8913043478260869 	 0.4 	 1.0 	 0.5 	 0.1

	 0.8913043478260869 	 0.4 	 1.0 	 0.6 	 0.1

	 0.8967391304347826 	 0.4 	 1.0 	 0.7 	 0.1

	 0.8967391304347826 	 0.4 	 1.0 	 0.8 	 0.1

	 0.8967391304347826 	 0.4 	 1.0 	 0.9 	 0.1

	 0.8967391304347826 	 0.4 	 1.0 	 1.0 	 0.1

	 0.8858695652173914 	 0.5 	 0.1 	 0.1 	 0.3

	 0.8858695652173914 	 0.5 	 0.1 	 0.2 	 0.2

	 0.8858695652173914 	 0.5 	 0.1 	 0.3 	 0.1

	 0.8858695652173914 	 0.5 	 0.1 	 0.4 	 0.8

	 0.8858695652173914 	 0.5 	 0.1 	 0.4 	 0.9

	 0.8858695652173914 	 0.5 	 0.1 	 0.4 	 1.0

	 0.8858695652173914 	 0.5 	 0.1 	 0.5 	 0.6

	 0.8804347826086957 	 0.5 	 0.1 	 0.5 	 0.7

	 0.8858695652173914 	 0.5 	 0.1 	 0.5 	 0.8

	 0.8858695652173914 	 0.5 	 0.1 	 0.5 	 0.9

	 0.8858695652173914 	 0.5 	 0.1 	 0.5 	 1.0

	 0.8967391304347826 	 0.5 	 0.1 	 0.6 	 0.5

	 0.8913043478260869 	 0.5 	 0.1 	 0.6 	 0.6

	 0.8858695652173914 	 0.5 	 0.1 	 0.6 	 0.7

	 0.8913043478260869 	 0.5 	 0.1 	 0.6 	 0.8

	 0.8913043478260869 	 0.5 	 0.1 	 0.6 	 0.9

	 0.8913043478260869 	 0.5 	 0.1 	 0.6 	 1.0

	 0.8913043478260869 	 0.5 	 0.1 	 0.7 	 0.5

	 0.8858695652173914 	 0.5 	 0.1 	 0.7 	 0.6

	 0.8804347826086957 	 0.5 	 0.1 	 0.7 	 0.7

	 0.8858695652173914 	 0.5 	 0.1 	 0.7 	 0.8

	 0.8858695652173914 	 0.5 	 0.1 	 0.7 	 0.9

	 0.8858695652173914 	 0.5 	 0.1 	 0.7 	 1.0

	 0.8967391304347826 	 0.5 	 0.1 	 0.8 	 0.4

	 0.8913043478260869 	 0.5 	 0.1 	 0.8 	 0.5

	 0.8858695652173914 	 0.5 	 0.1 	 0.8 	 0.6

	 0.8804347826086957 	 0.5 	 0.1 	 0.8 	 0.7

	 0.8804347826086957 	 0.5 	 0.1 	 0.8 	 0.8

	 0.8858695652173914 	 0.5 	 0.1 	 0.8 	 0.9

	 0.8858695652173914 	 0.5 	 0.1 	 0.8 	 1.0

	 0.8967391304347826 	 0.5 	 0.1 	 0.9 	 0.4

	 0.8913043478260869 	 0.5 	 0.1 	 0.9 	 0.5

	 0.8858695652173914 	 0.5 	 0.1 	 0.9 	 0.6

	 0.8804347826086957 	 0.5 	 0.1 	 0.9 	 0.7

	 0.8804347826086957 	 0.5 	 0.1 	 0.9 	 0.8

	 0.8858695652173914 	 0.5 	 0.1 	 0.9 	 0.9

	 0.8858695652173914 	 0.5 	 0.1 	 0.9 	 1.0

	 0.8967391304347826 	 0.5 	 0.1 	 1.0 	 0.4

	 0.8913043478260869 	 0.5 	 0.1 	 1.0 	 0.5

	 0.8858695652173914 	 0.5 	 0.1 	 1.0 	 0.6

	 0.8804347826086957 	 0.5 	 0.1 	 1.0 	 0.7

	 0.8804347826086957 	 0.5 	 0.1 	 1.0 	 0.8

	 0.8858695652173914 	 0.5 	 0.1 	 1.0 	 0.9

	 0.8858695652173914 	 0.5 	 0.1 	 1.0 	 1.0

	 0.8858695652173914 	 0.5 	 0.2 	 0.1 	 0.2

	 0.8858695652173914 	 0.5 	 0.2 	 0.2 	 0.1

	 0.8858695652173914 	 0.5 	 0.3 	 0.1 	 0.1

	 0.8858695652173914 	 0.5 	 0.4 	 0.1 	 0.8

	 0.8858695652173914 	 0.5 	 0.4 	 0.1 	 0.9

	 0.8858695652173914 	 0.5 	 0.4 	 0.1 	 1.0

	 0.8967391304347826 	 0.5 	 0.4 	 0.8 	 0.1

	 0.8967391304347826 	 0.5 	 0.4 	 0.9 	 0.1

	 0.8967391304347826 	 0.5 	 0.4 	 1.0 	 0.1

	 0.8913043478260869 	 0.5 	 0.5 	 0.1 	 0.6

	 0.8858695652173914 	 0.5 	 0.5 	 0.1 	 0.7

	 0.8858695652173914 	 0.5 	 0.5 	 0.1 	 0.8

	 0.8858695652173914 	 0.5 	 0.5 	 0.1 	 0.9

	 0.8858695652173914 	 0.5 	 0.5 	 0.1 	 1.0

	 0.8913043478260869 	 0.5 	 0.5 	 0.6 	 0.1

	 0.8913043478260869 	 0.5 	 0.5 	 0.7 	 0.1

	 0.8913043478260869 	 0.5 	 0.5 	 0.8 	 0.1

	 0.8913043478260869 	 0.5 	 0.5 	 0.9 	 0.1

	 0.8913043478260869 	 0.5 	 0.5 	 1.0 	 0.1

	 0.907608695652174 	 0.5 	 0.6 	 0.1 	 0.5

	 0.9021739130434783 	 0.5 	 0.6 	 0.1 	 0.6

	 0.8967391304347826 	 0.5 	 0.6 	 0.1 	 0.7

	 0.8967391304347826 	 0.5 	 0.6 	 0.1 	 0.8

	 0.8967391304347826 	 0.5 	 0.6 	 0.1 	 0.9

	 0.8967391304347826 	 0.5 	 0.6 	 0.1 	 1.0

	 0.8967391304347826 	 0.5 	 0.6 	 0.5 	 0.1

	 0.8967391304347826 	 0.5 	 0.6 	 0.6 	 0.1

	 0.8967391304347826 	 0.5 	 0.6 	 0.7 	 0.1

	 0.8967391304347826 	 0.5 	 0.6 	 0.8 	 0.1

	 0.8967391304347826 	 0.5 	 0.6 	 0.9 	 0.1

	 0.8967391304347826 	 0.5 	 0.6 	 1.0 	 0.1

	 0.907608695652174 	 0.5 	 0.7 	 0.1 	 0.5

	 0.907608695652174 	 0.5 	 0.7 	 0.1 	 0.6

	 0.9021739130434783 	 0.5 	 0.7 	 0.1 	 0.7

	 0.9021739130434783 	 0.5 	 0.7 	 0.1 	 0.8

	 0.9021739130434783 	 0.5 	 0.7 	 0.1 	 0.9

	 0.9021739130434783 	 0.5 	 0.7 	 0.1 	 1.0

	 0.8967391304347826 	 0.5 	 0.7 	 0.5 	 0.1

	 0.8913043478260869 	 0.5 	 0.7 	 0.6 	 0.1

	 0.8967391304347826 	 0.5 	 0.7 	 0.7 	 0.1

	 0.8967391304347826 	 0.5 	 0.7 	 0.8 	 0.1

	 0.8967391304347826 	 0.5 	 0.7 	 0.9 	 0.1

	 0.8967391304347826 	 0.5 	 0.7 	 1.0 	 0.1

	 0.907608695652174 	 0.5 	 0.8 	 0.1 	 0.4

	 0.907608695652174 	 0.5 	 0.8 	 0.1 	 0.5

	 0.907608695652174 	 0.5 	 0.8 	 0.1 	 0.6

	 0.9021739130434783 	 0.5 	 0.8 	 0.1 	 0.7

	 0.9021739130434783 	 0.5 	 0.8 	 0.1 	 0.8

	 0.9021739130434783 	 0.5 	 0.8 	 0.1 	 0.9

	 0.9021739130434783 	 0.5 	 0.8 	 0.1 	 1.0

	 0.8967391304347826 	 0.5 	 0.8 	 0.4 	 0.1

	 0.8967391304347826 	 0.5 	 0.8 	 0.5 	 0.1

	 0.8913043478260869 	 0.5 	 0.8 	 0.6 	 0.1

	 0.8967391304347826 	 0.5 	 0.8 	 0.7 	 0.1

	 0.8967391304347826 	 0.5 	 0.8 	 0.8 	 0.1

	 0.8967391304347826 	 0.5 	 0.8 	 0.9 	 0.1

	 0.8967391304347826 	 0.5 	 0.8 	 1.0 	 0.1

	 0.907608695652174 	 0.5 	 0.9 	 0.1 	 0.4

	 0.907608695652174 	 0.5 	 0.9 	 0.1 	 0.5

	 0.907608695652174 	 0.5 	 0.9 	 0.1 	 0.6

	 0.9021739130434783 	 0.5 	 0.9 	 0.1 	 0.7

	 0.9021739130434783 	 0.5 	 0.9 	 0.1 	 0.8

	 0.9021739130434783 	 0.5 	 0.9 	 0.1 	 0.9

	 0.9021739130434783 	 0.5 	 0.9 	 0.1 	 1.0

	 0.8967391304347826 	 0.5 	 0.9 	 0.4 	 0.1

	 0.8967391304347826 	 0.5 	 0.9 	 0.5 	 0.1

	 0.8913043478260869 	 0.5 	 0.9 	 0.6 	 0.1

	 0.8967391304347826 	 0.5 	 0.9 	 0.7 	 0.1

	 0.8967391304347826 	 0.5 	 0.9 	 0.8 	 0.1

	 0.8967391304347826 	 0.5 	 0.9 	 0.9 	 0.1

	 0.8967391304347826 	 0.5 	 0.9 	 1.0 	 0.1

	 0.907608695652174 	 0.5 	 1.0 	 0.1 	 0.4

	 0.907608695652174 	 0.5 	 1.0 	 0.1 	 0.5

	 0.907608695652174 	 0.5 	 1.0 	 0.1 	 0.6

	 0.9021739130434783 	 0.5 	 1.0 	 0.1 	 0.7

	 0.9021739130434783 	 0.5 	 1.0 	 0.1 	 0.8

	 0.9021739130434783 	 0.5 	 1.0 	 0.1 	 0.9

	 0.9021739130434783 	 0.5 	 1.0 	 0.1 	 1.0

	 0.8967391304347826 	 0.5 	 1.0 	 0.4 	 0.1

	 0.8967391304347826 	 0.5 	 1.0 	 0.5 	 0.1

	 0.8913043478260869 	 0.5 	 1.0 	 0.6 	 0.1

	 0.8967391304347826 	 0.5 	 1.0 	 0.7 	 0.1

	 0.8967391304347826 	 0.5 	 1.0 	 0.8 	 0.1

	 0.8967391304347826 	 0.5 	 1.0 	 0.9 	 0.1

	 0.8967391304347826 	 0.5 	 1.0 	 1.0 	 0.1

	 0.875 	 0.6 	 0.1 	 0.1 	 0.2

	 0.875 	 0.6 	 0.1 	 0.2 	 0.1

	 0.8913043478260869 	 0.6 	 0.1 	 0.3 	 1.0

	 0.8858695652173914 	 0.6 	 0.1 	 0.4 	 0.7

	 0.8913043478260869 	 0.6 	 0.1 	 0.4 	 0.8

	 0.8913043478260869 	 0.6 	 0.1 	 0.4 	 0.9

	 0.8913043478260869 	 0.6 	 0.1 	 0.4 	 1.0

	 0.8858695652173914 	 0.6 	 0.1 	 0.5 	 0.5

	 0.8858695652173914 	 0.6 	 0.1 	 0.5 	 0.6

	 0.8804347826086957 	 0.6 	 0.1 	 0.5 	 0.7

	 0.8858695652173914 	 0.6 	 0.1 	 0.5 	 0.8

	 0.8858695652173914 	 0.6 	 0.1 	 0.5 	 0.9

	 0.8858695652173914 	 0.6 	 0.1 	 0.5 	 1.0

	 0.8967391304347826 	 0.6 	 0.1 	 0.6 	 0.5

	 0.8913043478260869 	 0.6 	 0.1 	 0.6 	 0.6

	 0.8858695652173914 	 0.6 	 0.1 	 0.6 	 0.7

	 0.8913043478260869 	 0.6 	 0.1 	 0.6 	 0.8

	 0.8913043478260869 	 0.6 	 0.1 	 0.6 	 0.9

	 0.8913043478260869 	 0.6 	 0.1 	 0.6 	 1.0

	 0.8967391304347826 	 0.6 	 0.1 	 0.7 	 0.4

	 0.8913043478260869 	 0.6 	 0.1 	 0.7 	 0.5

	 0.8858695652173914 	 0.6 	 0.1 	 0.7 	 0.6

	 0.8804347826086957 	 0.6 	 0.1 	 0.7 	 0.7

	 0.8858695652173914 	 0.6 	 0.1 	 0.7 	 0.8

	 0.8858695652173914 	 0.6 	 0.1 	 0.7 	 0.9

	 0.8858695652173914 	 0.6 	 0.1 	 0.7 	 1.0

	 0.8967391304347826 	 0.6 	 0.1 	 0.8 	 0.4

	 0.8913043478260869 	 0.6 	 0.1 	 0.8 	 0.5

	 0.8858695652173914 	 0.6 	 0.1 	 0.8 	 0.6

	 0.8804347826086957 	 0.6 	 0.1 	 0.8 	 0.7

	 0.8804347826086957 	 0.6 	 0.1 	 0.8 	 0.8

	 0.8858695652173914 	 0.6 	 0.1 	 0.8 	 0.9

	 0.8858695652173914 	 0.6 	 0.1 	 0.8 	 1.0

	 0.8967391304347826 	 0.6 	 0.1 	 0.9 	 0.4

	 0.8913043478260869 	 0.6 	 0.1 	 0.9 	 0.5

	 0.8858695652173914 	 0.6 	 0.1 	 0.9 	 0.6

	 0.8804347826086957 	 0.6 	 0.1 	 0.9 	 0.7

	 0.8804347826086957 	 0.6 	 0.1 	 0.9 	 0.8

	 0.8858695652173914 	 0.6 	 0.1 	 0.9 	 0.9

	 0.8858695652173914 	 0.6 	 0.1 	 0.9 	 1.0

	 0.8967391304347826 	 0.6 	 0.1 	 1.0 	 0.3

	 0.8967391304347826 	 0.6 	 0.1 	 1.0 	 0.4

	 0.8913043478260869 	 0.6 	 0.1 	 1.0 	 0.5

	 0.8858695652173914 	 0.6 	 0.1 	 1.0 	 0.6

	 0.8804347826086957 	 0.6 	 0.1 	 1.0 	 0.7

	 0.8804347826086957 	 0.6 	 0.1 	 1.0 	 0.8

	 0.8858695652173914 	 0.6 	 0.1 	 1.0 	 0.9

	 0.8858695652173914 	 0.6 	 0.1 	 1.0 	 1.0

	 0.875 	 0.6 	 0.2 	 0.1 	 0.1

	 0.8913043478260869 	 0.6 	 0.3 	 0.1 	 1.0

	 0.8967391304347826 	 0.6 	 0.3 	 1.0 	 0.1

	 0.8858695652173914 	 0.6 	 0.4 	 0.1 	 0.7

	 0.8913043478260869 	 0.6 	 0.4 	 0.1 	 0.8

	 0.8913043478260869 	 0.6 	 0.4 	 0.1 	 0.9

	 0.8913043478260869 	 0.6 	 0.4 	 0.1 	 1.0

	 0.8967391304347826 	 0.6 	 0.4 	 0.7 	 0.1

	 0.8967391304347826 	 0.6 	 0.4 	 0.8 	 0.1

	 0.8967391304347826 	 0.6 	 0.4 	 0.9 	 0.1

	 0.8967391304347826 	 0.6 	 0.4 	 1.0 	 0.1

	 0.8804347826086957 	 0.6 	 0.5 	 0.1 	 0.5

	 0.8858695652173914 	 0.6 	 0.5 	 0.1 	 0.6

	 0.8804347826086957 	 0.6 	 0.5 	 0.1 	 0.7

	 0.8858695652173914 	 0.6 	 0.5 	 0.1 	 0.8

	 0.8858695652173914 	 0.6 	 0.5 	 0.1 	 0.9

	 0.8858695652173914 	 0.6 	 0.5 	 0.1 	 1.0

	 0.8804347826086957 	 0.6 	 0.5 	 0.5 	 0.1

	 0.8967391304347826 	 0.6 	 0.5 	 0.6 	 0.1

	 0.8913043478260869 	 0.6 	 0.5 	 0.7 	 0.1

	 0.8913043478260869 	 0.6 	 0.5 	 0.8 	 0.1

	 0.8913043478260869 	 0.6 	 0.5 	 0.9 	 0.1

	 0.8913043478260869 	 0.6 	 0.5 	 1.0 	 0.1

	 0.8858695652173914 	 0.6 	 0.6 	 0.1 	 0.5

	 0.8858695652173914 	 0.6 	 0.6 	 0.1 	 0.6

	 0.8804347826086957 	 0.6 	 0.6 	 0.1 	 0.7

	 0.8858695652173914 	 0.6 	 0.6 	 0.1 	 0.8

	 0.8858695652173914 	 0.6 	 0.6 	 0.1 	 0.9

	 0.8858695652173914 	 0.6 	 0.6 	 0.1 	 1.0

	 0.8858695652173914 	 0.6 	 0.6 	 0.5 	 0.1

	 0.8967391304347826 	 0.6 	 0.6 	 0.6 	 0.1

	 0.8913043478260869 	 0.6 	 0.6 	 0.7 	 0.1

	 0.8913043478260869 	 0.6 	 0.6 	 0.8 	 0.1

	 0.8913043478260869 	 0.6 	 0.6 	 0.9 	 0.1

	 0.8913043478260869 	 0.6 	 0.6 	 1.0 	 0.1

	 0.8913043478260869 	 0.6 	 0.7 	 0.1 	 0.4

	 0.8913043478260869 	 0.6 	 0.7 	 0.1 	 0.5

	 0.8967391304347826 	 0.6 	 0.7 	 0.1 	 0.6

	 0.8913043478260869 	 0.6 	 0.7 	 0.1 	 0.7

	 0.8967391304347826 	 0.6 	 0.7 	 0.1 	 0.8

	 0.8967391304347826 	 0.6 	 0.7 	 0.1 	 0.9

	 0.8967391304347826 	 0.6 	 0.7 	 0.1 	 1.0

	 0.8913043478260869 	 0.6 	 0.7 	 0.4 	 0.1

	 0.8913043478260869 	 0.6 	 0.7 	 0.5 	 0.1

	 0.8967391304347826 	 0.6 	 0.7 	 0.6 	 0.1

	 0.8967391304347826 	 0.6 	 0.7 	 0.7 	 0.1

	 0.8967391304347826 	 0.6 	 0.7 	 0.8 	 0.1

	 0.8967391304347826 	 0.6 	 0.7 	 0.9 	 0.1

	 0.8967391304347826 	 0.6 	 0.7 	 1.0 	 0.1

	 0.8913043478260869 	 0.6 	 0.8 	 0.1 	 0.4

	 0.8913043478260869 	 0.6 	 0.8 	 0.1 	 0.5

	 0.8967391304347826 	 0.6 	 0.8 	 0.1 	 0.6

	 0.8913043478260869 	 0.6 	 0.8 	 0.1 	 0.7

	 0.8967391304347826 	 0.6 	 0.8 	 0.1 	 0.8

	 0.8967391304347826 	 0.6 	 0.8 	 0.1 	 0.9

	 0.8967391304347826 	 0.6 	 0.8 	 0.1 	 1.0

	 0.8913043478260869 	 0.6 	 0.8 	 0.4 	 0.1

	 0.8913043478260869 	 0.6 	 0.8 	 0.5 	 0.1

	 0.8967391304347826 	 0.6 	 0.8 	 0.6 	 0.1

	 0.8967391304347826 	 0.6 	 0.8 	 0.7 	 0.1

	 0.8967391304347826 	 0.6 	 0.8 	 0.8 	 0.1

	 0.8967391304347826 	 0.6 	 0.8 	 0.9 	 0.1

	 0.8967391304347826 	 0.6 	 0.8 	 1.0 	 0.1

	 0.8913043478260869 	 0.6 	 0.9 	 0.1 	 0.4

	 0.8913043478260869 	 0.6 	 0.9 	 0.1 	 0.5

	 0.8967391304347826 	 0.6 	 0.9 	 0.1 	 0.6

	 0.8913043478260869 	 0.6 	 0.9 	 0.1 	 0.7

	 0.8967391304347826 	 0.6 	 0.9 	 0.1 	 0.8

	 0.8967391304347826 	 0.6 	 0.9 	 0.1 	 0.9

	 0.8967391304347826 	 0.6 	 0.9 	 0.1 	 1.0

	 0.8913043478260869 	 0.6 	 0.9 	 0.4 	 0.1

	 0.8913043478260869 	 0.6 	 0.9 	 0.5 	 0.1

	 0.8967391304347826 	 0.6 	 0.9 	 0.6 	 0.1

	 0.8967391304347826 	 0.6 	 0.9 	 0.7 	 0.1

	 0.8967391304347826 	 0.6 	 0.9 	 0.8 	 0.1

	 0.8967391304347826 	 0.6 	 0.9 	 0.9 	 0.1

	 0.8967391304347826 	 0.6 	 0.9 	 1.0 	 0.1

	 0.8913043478260869 	 0.6 	 1.0 	 0.1 	 0.3

	 0.8913043478260869 	 0.6 	 1.0 	 0.1 	 0.4

	 0.8913043478260869 	 0.6 	 1.0 	 0.1 	 0.5

	 0.8967391304347826 	 0.6 	 1.0 	 0.1 	 0.6

	 0.8913043478260869 	 0.6 	 1.0 	 0.1 	 0.7

	 0.8967391304347826 	 0.6 	 1.0 	 0.1 	 0.8

	 0.8967391304347826 	 0.6 	 1.0 	 0.1 	 0.9

	 0.8967391304347826 	 0.6 	 1.0 	 0.1 	 1.0

	 0.8913043478260869 	 0.6 	 1.0 	 0.3 	 0.1

	 0.8913043478260869 	 0.6 	 1.0 	 0.4 	 0.1

	 0.8913043478260869 	 0.6 	 1.0 	 0.5 	 0.1

	 0.8967391304347826 	 0.6 	 1.0 	 0.6 	 0.1

	 0.8967391304347826 	 0.6 	 1.0 	 0.7 	 0.1

	 0.8967391304347826 	 0.6 	 1.0 	 0.8 	 0.1

	 0.8967391304347826 	 0.6 	 1.0 	 0.9 	 0.1

	 0.8967391304347826 	 0.6 	 1.0 	 1.0 	 0.1

	 0.875 	 0.7 	 0.1 	 0.1 	 0.1

	 0.8858695652173914 	 0.7 	 0.1 	 0.3 	 0.8

	 0.8858695652173914 	 0.7 	 0.1 	 0.3 	 0.9

	 0.8858695652173914 	 0.7 	 0.1 	 0.3 	 1.0

	 0.8804347826086957 	 0.7 	 0.1 	 0.4 	 0.6

	 0.8804347826086957 	 0.7 	 0.1 	 0.4 	 0.7

	 0.8858695652173914 	 0.7 	 0.1 	 0.4 	 0.8

	 0.8858695652173914 	 0.7 	 0.1 	 0.4 	 0.9

	 0.8858695652173914 	 0.7 	 0.1 	 0.4 	 1.0

	 0.8804347826086957 	 0.7 	 0.1 	 0.5 	 0.5

	 0.8804347826086957 	 0.7 	 0.1 	 0.5 	 0.6

	 0.8804347826086957 	 0.7 	 0.1 	 0.5 	 0.7

	 0.8858695652173914 	 0.7 	 0.1 	 0.5 	 0.8

	 0.8858695652173914 	 0.7 	 0.1 	 0.5 	 0.9

	 0.8858695652173914 	 0.7 	 0.1 	 0.5 	 1.0

	 0.8967391304347826 	 0.7 	 0.1 	 0.6 	 0.4

	 0.8913043478260869 	 0.7 	 0.1 	 0.6 	 0.5

	 0.8858695652173914 	 0.7 	 0.1 	 0.6 	 0.6

	 0.8858695652173914 	 0.7 	 0.1 	 0.6 	 0.7

	 0.8913043478260869 	 0.7 	 0.1 	 0.6 	 0.8

	 0.8913043478260869 	 0.7 	 0.1 	 0.6 	 0.9

	 0.8913043478260869 	 0.7 	 0.1 	 0.6 	 1.0

	 0.8913043478260869 	 0.7 	 0.1 	 0.7 	 0.4

	 0.8858695652173914 	 0.7 	 0.1 	 0.7 	 0.5

	 0.8804347826086957 	 0.7 	 0.1 	 0.7 	 0.6

	 0.8804347826086957 	 0.7 	 0.1 	 0.7 	 0.7

	 0.8858695652173914 	 0.7 	 0.1 	 0.7 	 0.8

	 0.8858695652173914 	 0.7 	 0.1 	 0.7 	 0.9

	 0.8858695652173914 	 0.7 	 0.1 	 0.7 	 1.0

	 0.8913043478260869 	 0.7 	 0.1 	 0.8 	 0.3

	 0.8913043478260869 	 0.7 	 0.1 	 0.8 	 0.4

	 0.8858695652173914 	 0.7 	 0.1 	 0.8 	 0.5

	 0.8804347826086957 	 0.7 	 0.1 	 0.8 	 0.6

	 0.8804347826086957 	 0.7 	 0.1 	 0.8 	 0.7

	 0.8804347826086957 	 0.7 	 0.1 	 0.8 	 0.8

	 0.8858695652173914 	 0.7 	 0.1 	 0.8 	 0.9

	 0.8858695652173914 	 0.7 	 0.1 	 0.8 	 1.0

	 0.8913043478260869 	 0.7 	 0.1 	 0.9 	 0.3

	 0.8913043478260869 	 0.7 	 0.1 	 0.9 	 0.4

	 0.8858695652173914 	 0.7 	 0.1 	 0.9 	 0.5

	 0.8804347826086957 	 0.7 	 0.1 	 0.9 	 0.6

	 0.8804347826086957 	 0.7 	 0.1 	 0.9 	 0.7

	 0.8804347826086957 	 0.7 	 0.1 	 0.9 	 0.8

	 0.8858695652173914 	 0.7 	 0.1 	 0.9 	 0.9

	 0.8858695652173914 	 0.7 	 0.1 	 0.9 	 1.0

	 0.8913043478260869 	 0.7 	 0.1 	 1.0 	 0.3

	 0.8913043478260869 	 0.7 	 0.1 	 1.0 	 0.4

	 0.8858695652173914 	 0.7 	 0.1 	 1.0 	 0.5

	 0.8804347826086957 	 0.7 	 0.1 	 1.0 	 0.6

	 0.8804347826086957 	 0.7 	 0.1 	 1.0 	 0.7

	 0.8804347826086957 	 0.7 	 0.1 	 1.0 	 0.8

	 0.8858695652173914 	 0.7 	 0.1 	 1.0 	 0.9

	 0.8858695652173914 	 0.7 	 0.1 	 1.0 	 1.0

	 0.8858695652173914 	 0.7 	 0.2 	 1.0 	 1.0

	 0.8858695652173914 	 0.7 	 0.3 	 0.1 	 0.8

	 0.8858695652173914 	 0.7 	 0.3 	 0.1 	 0.9

	 0.8858695652173914 	 0.7 	 0.3 	 0.1 	 1.0

	 0.8913043478260869 	 0.7 	 0.3 	 0.8 	 0.1

	 0.8913043478260869 	 0.7 	 0.3 	 0.9 	 0.1

	 0.8913043478260869 	 0.7 	 0.3 	 1.0 	 0.1

	 0.8804347826086957 	 0.7 	 0.4 	 0.1 	 0.6

	 0.8804347826086957 	 0.7 	 0.4 	 0.1 	 0.7

	 0.8858695652173914 	 0.7 	 0.4 	 0.1 	 0.8

	 0.8858695652173914 	 0.7 	 0.4 	 0.1 	 0.9

	 0.8858695652173914 	 0.7 	 0.4 	 0.1 	 1.0

	 0.8967391304347826 	 0.7 	 0.4 	 0.6 	 0.1

	 0.8913043478260869 	 0.7 	 0.4 	 0.7 	 0.1

	 0.8913043478260869 	 0.7 	 0.4 	 0.8 	 0.1

	 0.8913043478260869 	 0.7 	 0.4 	 0.9 	 0.1

	 0.8913043478260869 	 0.7 	 0.4 	 1.0 	 0.1

	 0.875 	 0.7 	 0.5 	 0.1 	 0.5

	 0.8804347826086957 	 0.7 	 0.5 	 0.1 	 0.6

	 0.8804347826086957 	 0.7 	 0.5 	 0.1 	 0.7

	 0.8858695652173914 	 0.7 	 0.5 	 0.1 	 0.8

	 0.8858695652173914 	 0.7 	 0.5 	 0.1 	 0.9

	 0.8858695652173914 	 0.7 	 0.5 	 0.1 	 1.0

	 0.875 	 0.7 	 0.5 	 0.5 	 0.1

	 0.8913043478260869 	 0.7 	 0.5 	 0.6 	 0.1

	 0.8858695652173914 	 0.7 	 0.5 	 0.7 	 0.1

	 0.8858695652173914 	 0.7 	 0.5 	 0.8 	 0.1

	 0.8858695652173914 	 0.7 	 0.5 	 0.9 	 0.1

	 0.8858695652173914 	 0.7 	 0.5 	 1.0 	 0.1

	 0.8804347826086957 	 0.7 	 0.6 	 0.1 	 0.4

	 0.8804347826086957 	 0.7 	 0.6 	 0.1 	 0.5

	 0.8804347826086957 	 0.7 	 0.6 	 0.1 	 0.6

	 0.8804347826086957 	 0.7 	 0.6 	 0.1 	 0.7

	 0.8858695652173914 	 0.7 	 0.6 	 0.1 	 0.8

	 0.8858695652173914 	 0.7 	 0.6 	 0.1 	 0.9

	 0.8858695652173914 	 0.7 	 0.6 	 0.1 	 1.0

	 0.8804347826086957 	 0.7 	 0.6 	 0.4 	 0.1

	 0.8804347826086957 	 0.7 	 0.6 	 0.5 	 0.1

	 0.8913043478260869 	 0.7 	 0.6 	 0.6 	 0.1

	 0.8858695652173914 	 0.7 	 0.6 	 0.7 	 0.1

	 0.8858695652173914 	 0.7 	 0.6 	 0.8 	 0.1

	 0.8858695652173914 	 0.7 	 0.6 	 0.9 	 0.1

	 0.8858695652173914 	 0.7 	 0.6 	 1.0 	 0.1

	 0.8804347826086957 	 0.7 	 0.7 	 0.1 	 0.4

	 0.8804347826086957 	 0.7 	 0.7 	 0.1 	 0.5

	 0.8858695652173914 	 0.7 	 0.7 	 0.1 	 0.6

	 0.8858695652173914 	 0.7 	 0.7 	 0.1 	 0.7

	 0.8913043478260869 	 0.7 	 0.7 	 0.1 	 0.8

	 0.8913043478260869 	 0.7 	 0.7 	 0.1 	 0.9

	 0.8913043478260869 	 0.7 	 0.7 	 0.1 	 1.0

	 0.8804347826086957 	 0.7 	 0.7 	 0.4 	 0.1

	 0.8804347826086957 	 0.7 	 0.7 	 0.5 	 0.1

	 0.8858695652173914 	 0.7 	 0.7 	 0.6 	 0.1

	 0.8858695652173914 	 0.7 	 0.7 	 0.7 	 0.1

	 0.8858695652173914 	 0.7 	 0.7 	 0.8 	 0.1

	 0.8858695652173914 	 0.7 	 0.7 	 0.9 	 0.1

	 0.8858695652173914 	 0.7 	 0.7 	 1.0 	 0.1

	 0.8804347826086957 	 0.7 	 0.8 	 0.1 	 0.3

	 0.8804347826086957 	 0.7 	 0.8 	 0.1 	 0.4

	 0.8804347826086957 	 0.7 	 0.8 	 0.1 	 0.5

	 0.8858695652173914 	 0.7 	 0.8 	 0.1 	 0.6

	 0.8858695652173914 	 0.7 	 0.8 	 0.1 	 0.7

	 0.8913043478260869 	 0.7 	 0.8 	 0.1 	 0.8

	 0.8913043478260869 	 0.7 	 0.8 	 0.1 	 0.9

	 0.8913043478260869 	 0.7 	 0.8 	 0.1 	 1.0

	 0.8804347826086957 	 0.7 	 0.8 	 0.3 	 0.1

	 0.8804347826086957 	 0.7 	 0.8 	 0.4 	 0.1

	 0.8804347826086957 	 0.7 	 0.8 	 0.5 	 0.1

	 0.8858695652173914 	 0.7 	 0.8 	 0.6 	 0.1

	 0.8858695652173914 	 0.7 	 0.8 	 0.7 	 0.1

	 0.8858695652173914 	 0.7 	 0.8 	 0.8 	 0.1

	 0.8858695652173914 	 0.7 	 0.8 	 0.9 	 0.1

	 0.8858695652173914 	 0.7 	 0.8 	 1.0 	 0.1

	 0.8804347826086957 	 0.7 	 0.9 	 0.1 	 0.3

	 0.8804347826086957 	 0.7 	 0.9 	 0.1 	 0.4

	 0.8804347826086957 	 0.7 	 0.9 	 0.1 	 0.5

	 0.8858695652173914 	 0.7 	 0.9 	 0.1 	 0.6

	 0.8858695652173914 	 0.7 	 0.9 	 0.1 	 0.7

	 0.8913043478260869 	 0.7 	 0.9 	 0.1 	 0.8

	 0.8913043478260869 	 0.7 	 0.9 	 0.1 	 0.9

	 0.8913043478260869 	 0.7 	 0.9 	 0.1 	 1.0

	 0.8804347826086957 	 0.7 	 0.9 	 0.3 	 0.1

	 0.8804347826086957 	 0.7 	 0.9 	 0.4 	 0.1

	 0.8804347826086957 	 0.7 	 0.9 	 0.5 	 0.1

	 0.8858695652173914 	 0.7 	 0.9 	 0.6 	 0.1

	 0.8858695652173914 	 0.7 	 0.9 	 0.7 	 0.1

	 0.8858695652173914 	 0.7 	 0.9 	 0.8 	 0.1

	 0.8858695652173914 	 0.7 	 0.9 	 0.9 	 0.1

	 0.8858695652173914 	 0.7 	 0.9 	 1.0 	 0.1

	 0.8804347826086957 	 0.7 	 1.0 	 0.1 	 0.3

	 0.8804347826086957 	 0.7 	 1.0 	 0.1 	 0.4

	 0.8804347826086957 	 0.7 	 1.0 	 0.1 	 0.5

	 0.8858695652173914 	 0.7 	 1.0 	 0.1 	 0.6

	 0.8858695652173914 	 0.7 	 1.0 	 0.1 	 0.7

	 0.8913043478260869 	 0.7 	 1.0 	 0.1 	 0.8

	 0.8913043478260869 	 0.7 	 1.0 	 0.1 	 0.9

	 0.8913043478260869 	 0.7 	 1.0 	 0.1 	 1.0

	 0.8913043478260869 	 0.7 	 1.0 	 0.2 	 1.0

	 0.8804347826086957 	 0.7 	 1.0 	 0.3 	 0.1

	 0.8804347826086957 	 0.7 	 1.0 	 0.4 	 0.1

	 0.8804347826086957 	 0.7 	 1.0 	 0.5 	 0.1

	 0.8858695652173914 	 0.7 	 1.0 	 0.6 	 0.1

	 0.8858695652173914 	 0.7 	 1.0 	 0.7 	 0.1

	 0.8858695652173914 	 0.7 	 1.0 	 0.8 	 0.1

	 0.8858695652173914 	 0.7 	 1.0 	 0.9 	 0.1

	 0.8858695652173914 	 0.7 	 1.0 	 1.0 	 0.1

	 0.8858695652173914 	 0.7 	 1.0 	 1.0 	 0.2

	 0.8804347826086957 	 0.8 	 0.1 	 0.3 	 0.7

	 0.8858695652173914 	 0.8 	 0.1 	 0.3 	 0.8

	 0.8858695652173914 	 0.8 	 0.1 	 0.3 	 0.9

	 0.8858695652173914 	 0.8 	 0.1 	 0.3 	 1.0

	 0.8804347826086957 	 0.8 	 0.1 	 0.4 	 0.5

	 0.8804347826086957 	 0.8 	 0.1 	 0.4 	 0.6

	 0.8804347826086957 	 0.8 	 0.1 	 0.4 	 0.7

	 0.8858695652173914 	 0.8 	 0.1 	 0.4 	 0.8

	 0.8858695652173914 	 0.8 	 0.1 	 0.4 	 0.9

	 0.8858695652173914 	 0.8 	 0.1 	 0.4 	 1.0

	 0.8967391304347826 	 0.8 	 0.1 	 0.5 	 0.4

	 0.8804347826086957 	 0.8 	 0.1 	 0.5 	 0.5

	 0.8804347826086957 	 0.8 	 0.1 	 0.5 	 0.6

	 0.8804347826086957 	 0.8 	 0.1 	 0.5 	 0.7

	 0.8858695652173914 	 0.8 	 0.1 	 0.5 	 0.8

	 0.8858695652173914 	 0.8 	 0.1 	 0.5 	 0.9

	 0.8858695652173914 	 0.8 	 0.1 	 0.5 	 1.0

	 0.8913043478260869 	 0.8 	 0.1 	 0.6 	 0.4

	 0.8858695652173914 	 0.8 	 0.1 	 0.6 	 0.5

	 0.8804347826086957 	 0.8 	 0.1 	 0.6 	 0.6

	 0.8804347826086957 	 0.8 	 0.1 	 0.6 	 0.7

	 0.8858695652173914 	 0.8 	 0.1 	 0.6 	 0.8

	 0.8858695652173914 	 0.8 	 0.1 	 0.6 	 0.9

	 0.8858695652173914 	 0.8 	 0.1 	 0.6 	 1.0

	 0.8913043478260869 	 0.8 	 0.1 	 0.7 	 0.3

	 0.8913043478260869 	 0.8 	 0.1 	 0.7 	 0.4

	 0.8858695652173914 	 0.8 	 0.1 	 0.7 	 0.5

	 0.8804347826086957 	 0.8 	 0.1 	 0.7 	 0.6

	 0.8804347826086957 	 0.8 	 0.1 	 0.7 	 0.7

	 0.8858695652173914 	 0.8 	 0.1 	 0.7 	 0.8

	 0.8858695652173914 	 0.8 	 0.1 	 0.7 	 0.9

	 0.8858695652173914 	 0.8 	 0.1 	 0.7 	 1.0

	 0.8913043478260869 	 0.8 	 0.1 	 0.8 	 0.3

	 0.8913043478260869 	 0.8 	 0.1 	 0.8 	 0.4

	 0.8858695652173914 	 0.8 	 0.1 	 0.8 	 0.5

	 0.8804347826086957 	 0.8 	 0.1 	 0.8 	 0.6

	 0.8804347826086957 	 0.8 	 0.1 	 0.8 	 0.7

	 0.8804347826086957 	 0.8 	 0.1 	 0.8 	 0.8

	 0.8858695652173914 	 0.8 	 0.1 	 0.8 	 0.9

	 0.8858695652173914 	 0.8 	 0.1 	 0.8 	 1.0

	 0.8913043478260869 	 0.8 	 0.1 	 0.9 	 0.3

	 0.8913043478260869 	 0.8 	 0.1 	 0.9 	 0.4

	 0.8858695652173914 	 0.8 	 0.1 	 0.9 	 0.5

	 0.8804347826086957 	 0.8 	 0.1 	 0.9 	 0.6

	 0.8804347826086957 	 0.8 	 0.1 	 0.9 	 0.7

	 0.8804347826086957 	 0.8 	 0.1 	 0.9 	 0.8

	 0.8858695652173914 	 0.8 	 0.1 	 0.9 	 0.9

	 0.8858695652173914 	 0.8 	 0.1 	 0.9 	 1.0

	 0.8913043478260869 	 0.8 	 0.1 	 1.0 	 0.3

	 0.8913043478260869 	 0.8 	 0.1 	 1.0 	 0.4

	 0.8858695652173914 	 0.8 	 0.1 	 1.0 	 0.5

	 0.8804347826086957 	 0.8 	 0.1 	 1.0 	 0.6

	 0.8804347826086957 	 0.8 	 0.1 	 1.0 	 0.7

	 0.8804347826086957 	 0.8 	 0.1 	 1.0 	 0.8

	 0.8858695652173914 	 0.8 	 0.1 	 1.0 	 0.9

	 0.8858695652173914 	 0.8 	 0.1 	 1.0 	 1.0

	 0.8858695652173914 	 0.8 	 0.2 	 0.9 	 0.9

	 0.8858695652173914 	 0.8 	 0.2 	 0.9 	 1.0

	 0.8858695652173914 	 0.8 	 0.2 	 1.0 	 0.9

	 0.8858695652173914 	 0.8 	 0.2 	 1.0 	 1.0

	 0.8804347826086957 	 0.8 	 0.3 	 0.1 	 0.7

	 0.8858695652173914 	 0.8 	 0.3 	 0.1 	 0.8

	 0.8858695652173914 	 0.8 	 0.3 	 0.1 	 0.9

	 0.8858695652173914 	 0.8 	 0.3 	 0.1 	 1.0

	 0.8913043478260869 	 0.8 	 0.3 	 0.7 	 0.1

	 0.8913043478260869 	 0.8 	 0.3 	 0.8 	 0.1

	 0.8913043478260869 	 0.8 	 0.3 	 0.9 	 0.1

	 0.8913043478260869 	 0.8 	 0.3 	 1.0 	 0.1

	 0.875 	 0.8 	 0.4 	 0.1 	 0.5

	 0.8804347826086957 	 0.8 	 0.4 	 0.1 	 0.6

	 0.8804347826086957 	 0.8 	 0.4 	 0.1 	 0.7

	 0.8858695652173914 	 0.8 	 0.4 	 0.1 	 0.8

	 0.8858695652173914 	 0.8 	 0.4 	 0.1 	 0.9

	 0.8858695652173914 	 0.8 	 0.4 	 0.1 	 1.0

	 0.8858695652173914 	 0.8 	 0.4 	 0.5 	 0.1

	 0.8913043478260869 	 0.8 	 0.4 	 0.6 	 0.1

	 0.8913043478260869 	 0.8 	 0.4 	 0.7 	 0.1

	 0.8913043478260869 	 0.8 	 0.4 	 0.8 	 0.1

	 0.8913043478260869 	 0.8 	 0.4 	 0.9 	 0.1

	 0.8913043478260869 	 0.8 	 0.4 	 1.0 	 0.1

	 0.875 	 0.8 	 0.5 	 0.1 	 0.4

	 0.875 	 0.8 	 0.5 	 0.1 	 0.5

	 0.8804347826086957 	 0.8 	 0.5 	 0.1 	 0.6

	 0.8804347826086957 	 0.8 	 0.5 	 0.1 	 0.7

	 0.8858695652173914 	 0.8 	 0.5 	 0.1 	 0.8

	 0.8858695652173914 	 0.8 	 0.5 	 0.1 	 0.9

	 0.8858695652173914 	 0.8 	 0.5 	 0.1 	 1.0

	 0.8695652173913043 	 0.8 	 0.5 	 0.4 	 0.1

	 0.8695652173913043 	 0.8 	 0.5 	 0.5 	 0.1

	 0.8858695652173914 	 0.8 	 0.5 	 0.6 	 0.1

	 0.8858695652173914 	 0.8 	 0.5 	 0.7 	 0.1

	 0.8858695652173914 	 0.8 	 0.5 	 0.8 	 0.1

	 0.8858695652173914 	 0.8 	 0.5 	 0.9 	 0.1

	 0.8858695652173914 	 0.8 	 0.5 	 1.0 	 0.1

	 0.875 	 0.8 	 0.6 	 0.1 	 0.4

	 0.875 	 0.8 	 0.6 	 0.1 	 0.5

	 0.875 	 0.8 	 0.6 	 0.1 	 0.6

	 0.875 	 0.8 	 0.6 	 0.1 	 0.7

	 0.8804347826086957 	 0.8 	 0.6 	 0.1 	 0.8

	 0.8804347826086957 	 0.8 	 0.6 	 0.1 	 0.9

	 0.8804347826086957 	 0.8 	 0.6 	 0.1 	 1.0

	 0.875 	 0.8 	 0.6 	 0.4 	 0.1

	 0.875 	 0.8 	 0.6 	 0.5 	 0.1

	 0.8858695652173914 	 0.8 	 0.6 	 0.6 	 0.1

	 0.8858695652173914 	 0.8 	 0.6 	 0.7 	 0.1

	 0.8858695652173914 	 0.8 	 0.6 	 0.8 	 0.1

	 0.8858695652173914 	 0.8 	 0.6 	 0.9 	 0.1

	 0.8858695652173914 	 0.8 	 0.6 	 1.0 	 0.1

	 0.875 	 0.8 	 0.7 	 0.1 	 0.3

	 0.875 	 0.8 	 0.7 	 0.1 	 0.4

	 0.875 	 0.8 	 0.7 	 0.1 	 0.5

	 0.8804347826086957 	 0.8 	 0.7 	 0.1 	 0.6

	 0.8804347826086957 	 0.8 	 0.7 	 0.1 	 0.7

	 0.8858695652173914 	 0.8 	 0.7 	 0.1 	 0.8

	 0.8858695652173914 	 0.8 	 0.7 	 0.1 	 0.9

	 0.8858695652173914 	 0.8 	 0.7 	 0.1 	 1.0

	 0.875 	 0.8 	 0.7 	 0.3 	 0.1

	 0.875 	 0.8 	 0.7 	 0.4 	 0.1

	 0.875 	 0.8 	 0.7 	 0.5 	 0.1

	 0.8804347826086957 	 0.8 	 0.7 	 0.6 	 0.1

	 0.8858695652173914 	 0.8 	 0.7 	 0.7 	 0.1

	 0.8858695652173914 	 0.8 	 0.7 	 0.8 	 0.1

	 0.8858695652173914 	 0.8 	 0.7 	 0.9 	 0.1

	 0.8858695652173914 	 0.8 	 0.7 	 1.0 	 0.1

	 0.875 	 0.8 	 0.8 	 0.1 	 0.3

	 0.875 	 0.8 	 0.8 	 0.1 	 0.4

	 0.875 	 0.8 	 0.8 	 0.1 	 0.5

	 0.8804347826086957 	 0.8 	 0.8 	 0.1 	 0.6

	 0.8804347826086957 	 0.8 	 0.8 	 0.1 	 0.7

	 0.8858695652173914 	 0.8 	 0.8 	 0.1 	 0.8

	 0.8858695652173914 	 0.8 	 0.8 	 0.1 	 0.9

	 0.8858695652173914 	 0.8 	 0.8 	 0.1 	 1.0

	 0.875 	 0.8 	 0.8 	 0.3 	 0.1

	 0.875 	 0.8 	 0.8 	 0.4 	 0.1

	 0.875 	 0.8 	 0.8 	 0.5 	 0.1

	 0.8804347826086957 	 0.8 	 0.8 	 0.6 	 0.1

	 0.8858695652173914 	 0.8 	 0.8 	 0.7 	 0.1

	 0.8858695652173914 	 0.8 	 0.8 	 0.8 	 0.1

	 0.8858695652173914 	 0.8 	 0.8 	 0.9 	 0.1

	 0.8858695652173914 	 0.8 	 0.8 	 1.0 	 0.1

	 0.875 	 0.8 	 0.9 	 0.1 	 0.3

	 0.875 	 0.8 	 0.9 	 0.1 	 0.4

	 0.875 	 0.8 	 0.9 	 0.1 	 0.5

	 0.8804347826086957 	 0.8 	 0.9 	 0.1 	 0.6

	 0.8804347826086957 	 0.8 	 0.9 	 0.1 	 0.7

	 0.8858695652173914 	 0.8 	 0.9 	 0.1 	 0.8

	 0.8858695652173914 	 0.8 	 0.9 	 0.1 	 0.9

	 0.8858695652173914 	 0.8 	 0.9 	 0.1 	 1.0

	 0.8858695652173914 	 0.8 	 0.9 	 0.2 	 0.9

	 0.8858695652173914 	 0.8 	 0.9 	 0.2 	 1.0

	 0.875 	 0.8 	 0.9 	 0.3 	 0.1

	 0.875 	 0.8 	 0.9 	 0.4 	 0.1

	 0.875 	 0.8 	 0.9 	 0.5 	 0.1

	 0.8804347826086957 	 0.8 	 0.9 	 0.6 	 0.1

	 0.8858695652173914 	 0.8 	 0.9 	 0.7 	 0.1

	 0.8858695652173914 	 0.8 	 0.9 	 0.8 	 0.1

	 0.8858695652173914 	 0.8 	 0.9 	 0.9 	 0.1

	 0.8858695652173914 	 0.8 	 0.9 	 0.9 	 0.2

	 0.8858695652173914 	 0.8 	 0.9 	 1.0 	 0.1

	 0.8858695652173914 	 0.8 	 0.9 	 1.0 	 0.2

	 0.875 	 0.8 	 1.0 	 0.1 	 0.3

	 0.875 	 0.8 	 1.0 	 0.1 	 0.4

	 0.875 	 0.8 	 1.0 	 0.1 	 0.5

	 0.8804347826086957 	 0.8 	 1.0 	 0.1 	 0.6

	 0.8804347826086957 	 0.8 	 1.0 	 0.1 	 0.7

	 0.8858695652173914 	 0.8 	 1.0 	 0.1 	 0.8

	 0.8858695652173914 	 0.8 	 1.0 	 0.1 	 0.9

	 0.8858695652173914 	 0.8 	 1.0 	 0.1 	 1.0

	 0.8858695652173914 	 0.8 	 1.0 	 0.2 	 0.9

	 0.8858695652173914 	 0.8 	 1.0 	 0.2 	 1.0

	 0.875 	 0.8 	 1.0 	 0.3 	 0.1

	 0.875 	 0.8 	 1.0 	 0.4 	 0.1

	 0.875 	 0.8 	 1.0 	 0.5 	 0.1

	 0.8804347826086957 	 0.8 	 1.0 	 0.6 	 0.1

	 0.8858695652173914 	 0.8 	 1.0 	 0.7 	 0.1

	 0.8858695652173914 	 0.8 	 1.0 	 0.8 	 0.1

	 0.8858695652173914 	 0.8 	 1.0 	 0.9 	 0.1

	 0.8858695652173914 	 0.8 	 1.0 	 0.9 	 0.2

	 0.8858695652173914 	 0.8 	 1.0 	 1.0 	 0.1

	 0.8858695652173914 	 0.8 	 1.0 	 1.0 	 0.2

	 0.8804347826086957 	 0.9 	 0.1 	 0.3 	 0.7

	 0.8858695652173914 	 0.9 	 0.1 	 0.3 	 0.8

	 0.8858695652173914 	 0.9 	 0.1 	 0.3 	 0.9

	 0.8858695652173914 	 0.9 	 0.1 	 0.3 	 1.0

	 0.8804347826086957 	 0.9 	 0.1 	 0.4 	 0.5

	 0.8804347826086957 	 0.9 	 0.1 	 0.4 	 0.6

	 0.8804347826086957 	 0.9 	 0.1 	 0.4 	 0.7

	 0.8858695652173914 	 0.9 	 0.1 	 0.4 	 0.8

	 0.8858695652173914 	 0.9 	 0.1 	 0.4 	 0.9

	 0.8858695652173914 	 0.9 	 0.1 	 0.4 	 1.0

	 0.8967391304347826 	 0.9 	 0.1 	 0.5 	 0.4

	 0.8804347826086957 	 0.9 	 0.1 	 0.5 	 0.5

	 0.8804347826086957 	 0.9 	 0.1 	 0.5 	 0.6

	 0.8804347826086957 	 0.9 	 0.1 	 0.5 	 0.7

	 0.8858695652173914 	 0.9 	 0.1 	 0.5 	 0.8

	 0.8858695652173914 	 0.9 	 0.1 	 0.5 	 0.9

	 0.8858695652173914 	 0.9 	 0.1 	 0.5 	 1.0

	 0.8913043478260869 	 0.9 	 0.1 	 0.6 	 0.4

	 0.8858695652173914 	 0.9 	 0.1 	 0.6 	 0.5

	 0.8804347826086957 	 0.9 	 0.1 	 0.6 	 0.6

	 0.8804347826086957 	 0.9 	 0.1 	 0.6 	 0.7

	 0.8858695652173914 	 0.9 	 0.1 	 0.6 	 0.8

	 0.8858695652173914 	 0.9 	 0.1 	 0.6 	 0.9

	 0.8858695652173914 	 0.9 	 0.1 	 0.6 	 1.0

	 0.8913043478260869 	 0.9 	 0.1 	 0.7 	 0.3

	 0.8913043478260869 	 0.9 	 0.1 	 0.7 	 0.4

	 0.8858695652173914 	 0.9 	 0.1 	 0.7 	 0.5

	 0.8804347826086957 	 0.9 	 0.1 	 0.7 	 0.6

	 0.8804347826086957 	 0.9 	 0.1 	 0.7 	 0.7

	 0.8858695652173914 	 0.9 	 0.1 	 0.7 	 0.8

	 0.8858695652173914 	 0.9 	 0.1 	 0.7 	 0.9

	 0.8858695652173914 	 0.9 	 0.1 	 0.7 	 1.0

	 0.8913043478260869 	 0.9 	 0.1 	 0.8 	 0.3

	 0.8913043478260869 	 0.9 	 0.1 	 0.8 	 0.4

	 0.8858695652173914 	 0.9 	 0.1 	 0.8 	 0.5

	 0.8804347826086957 	 0.9 	 0.1 	 0.8 	 0.6

	 0.8804347826086957 	 0.9 	 0.1 	 0.8 	 0.7

	 0.8804347826086957 	 0.9 	 0.1 	 0.8 	 0.8

	 0.8858695652173914 	 0.9 	 0.1 	 0.8 	 0.9

	 0.8858695652173914 	 0.9 	 0.1 	 0.8 	 1.0

	 0.8858695652173914 	 0.9 	 0.1 	 0.9 	 0.3

	 0.8858695652173914 	 0.9 	 0.1 	 0.9 	 0.4

	 0.8804347826086957 	 0.9 	 0.1 	 0.9 	 0.5

	 0.875 	 0.9 	 0.1 	 0.9 	 0.6

	 0.875 	 0.9 	 0.1 	 0.9 	 0.7

	 0.875 	 0.9 	 0.1 	 0.9 	 0.8

	 0.8804347826086957 	 0.9 	 0.1 	 0.9 	 0.9

	 0.8804347826086957 	 0.9 	 0.1 	 0.9 	 1.0

	 0.8858695652173914 	 0.9 	 0.1 	 1.0 	 0.3

	 0.8858695652173914 	 0.9 	 0.1 	 1.0 	 0.4

	 0.8804347826086957 	 0.9 	 0.1 	 1.0 	 0.5

	 0.875 	 0.9 	 0.1 	 1.0 	 0.6

	 0.875 	 0.9 	 0.1 	 1.0 	 0.7

	 0.875 	 0.9 	 0.1 	 1.0 	 0.8

	 0.8804347826086957 	 0.9 	 0.1 	 1.0 	 0.9

	 0.8804347826086957 	 0.9 	 0.1 	 1.0 	 1.0

	 0.8858695652173914 	 0.9 	 0.2 	 0.8 	 0.9

	 0.8858695652173914 	 0.9 	 0.2 	 0.8 	 1.0

	 0.875 	 0.9 	 0.2 	 0.9 	 0.8

	 0.8804347826086957 	 0.9 	 0.2 	 0.9 	 0.9

	 0.8804347826086957 	 0.9 	 0.2 	 0.9 	 1.0

	 0.875 	 0.9 	 0.2 	 1.0 	 0.8

	 0.8804347826086957 	 0.9 	 0.2 	 1.0 	 0.9

	 0.8804347826086957 	 0.9 	 0.2 	 1.0 	 1.0

	 0.8804347826086957 	 0.9 	 0.3 	 0.1 	 0.7

	 0.8858695652173914 	 0.9 	 0.3 	 0.1 	 0.8

	 0.8858695652173914 	 0.9 	 0.3 	 0.1 	 0.9

	 0.8858695652173914 	 0.9 	 0.3 	 0.1 	 1.0

	 0.8913043478260869 	 0.9 	 0.3 	 0.7 	 0.1

	 0.8913043478260869 	 0.9 	 0.3 	 0.8 	 0.1

	 0.8858695652173914 	 0.9 	 0.3 	 0.9 	 0.1

	 0.8858695652173914 	 0.9 	 0.3 	 1.0 	 0.1

	 0.875 	 0.9 	 0.4 	 0.1 	 0.5

	 0.8804347826086957 	 0.9 	 0.4 	 0.1 	 0.6

	 0.8804347826086957 	 0.9 	 0.4 	 0.1 	 0.7

	 0.8858695652173914 	 0.9 	 0.4 	 0.1 	 0.8

	 0.8858695652173914 	 0.9 	 0.4 	 0.1 	 0.9

	 0.8858695652173914 	 0.9 	 0.4 	 0.1 	 1.0

	 0.8858695652173914 	 0.9 	 0.4 	 0.5 	 0.1

	 0.8913043478260869 	 0.9 	 0.4 	 0.6 	 0.1

	 0.8913043478260869 	 0.9 	 0.4 	 0.7 	 0.1

	 0.8913043478260869 	 0.9 	 0.4 	 0.8 	 0.1

	 0.8858695652173914 	 0.9 	 0.4 	 0.9 	 0.1

	 0.8858695652173914 	 0.9 	 0.4 	 1.0 	 0.1

	 0.875 	 0.9 	 0.5 	 0.1 	 0.4

	 0.875 	 0.9 	 0.5 	 0.1 	 0.5

	 0.8804347826086957 	 0.9 	 0.5 	 0.1 	 0.6

	 0.8804347826086957 	 0.9 	 0.5 	 0.1 	 0.7

	 0.8858695652173914 	 0.9 	 0.5 	 0.1 	 0.8

	 0.8858695652173914 	 0.9 	 0.5 	 0.1 	 0.9

	 0.8858695652173914 	 0.9 	 0.5 	 0.1 	 1.0

	 0.8695652173913043 	 0.9 	 0.5 	 0.4 	 0.1

	 0.8695652173913043 	 0.9 	 0.5 	 0.5 	 0.1

	 0.8858695652173914 	 0.9 	 0.5 	 0.6 	 0.1

	 0.8858695652173914 	 0.9 	 0.5 	 0.7 	 0.1

	 0.8858695652173914 	 0.9 	 0.5 	 0.8 	 0.1

	 0.8804347826086957 	 0.9 	 0.5 	 0.9 	 0.1

	 0.8804347826086957 	 0.9 	 0.5 	 1.0 	 0.1

	 0.875 	 0.9 	 0.6 	 0.1 	 0.4

	 0.875 	 0.9 	 0.6 	 0.1 	 0.5

	 0.875 	 0.9 	 0.6 	 0.1 	 0.6

	 0.875 	 0.9 	 0.6 	 0.1 	 0.7

	 0.8804347826086957 	 0.9 	 0.6 	 0.1 	 0.8

	 0.8804347826086957 	 0.9 	 0.6 	 0.1 	 0.9

	 0.8804347826086957 	 0.9 	 0.6 	 0.1 	 1.0

	 0.875 	 0.9 	 0.6 	 0.4 	 0.1

	 0.875 	 0.9 	 0.6 	 0.5 	 0.1

	 0.8858695652173914 	 0.9 	 0.6 	 0.6 	 0.1

	 0.8858695652173914 	 0.9 	 0.6 	 0.7 	 0.1

	 0.8858695652173914 	 0.9 	 0.6 	 0.8 	 0.1

	 0.8804347826086957 	 0.9 	 0.6 	 0.9 	 0.1

	 0.8804347826086957 	 0.9 	 0.6 	 1.0 	 0.1

	 0.875 	 0.9 	 0.7 	 0.1 	 0.3

	 0.875 	 0.9 	 0.7 	 0.1 	 0.4

	 0.875 	 0.9 	 0.7 	 0.1 	 0.5

	 0.8804347826086957 	 0.9 	 0.7 	 0.1 	 0.6

	 0.8804347826086957 	 0.9 	 0.7 	 0.1 	 0.7

	 0.8858695652173914 	 0.9 	 0.7 	 0.1 	 0.8

	 0.8858695652173914 	 0.9 	 0.7 	 0.1 	 0.9

	 0.8858695652173914 	 0.9 	 0.7 	 0.1 	 1.0

	 0.875 	 0.9 	 0.7 	 0.3 	 0.1

	 0.875 	 0.9 	 0.7 	 0.4 	 0.1

	 0.875 	 0.9 	 0.7 	 0.5 	 0.1

	 0.8804347826086957 	 0.9 	 0.7 	 0.6 	 0.1

	 0.8858695652173914 	 0.9 	 0.7 	 0.7 	 0.1

	 0.8858695652173914 	 0.9 	 0.7 	 0.8 	 0.1

	 0.8804347826086957 	 0.9 	 0.7 	 0.9 	 0.1

	 0.8804347826086957 	 0.9 	 0.7 	 1.0 	 0.1

	 0.875 	 0.9 	 0.8 	 0.1 	 0.3

	 0.875 	 0.9 	 0.8 	 0.1 	 0.4

	 0.875 	 0.9 	 0.8 	 0.1 	 0.5

	 0.8804347826086957 	 0.9 	 0.8 	 0.1 	 0.6

	 0.8804347826086957 	 0.9 	 0.8 	 0.1 	 0.7

	 0.8858695652173914 	 0.9 	 0.8 	 0.1 	 0.8

	 0.8858695652173914 	 0.9 	 0.8 	 0.1 	 0.9

	 0.8858695652173914 	 0.9 	 0.8 	 0.1 	 1.0

	 0.8858695652173914 	 0.9 	 0.8 	 0.2 	 0.9

	 0.8858695652173914 	 0.9 	 0.8 	 0.2 	 1.0

	 0.875 	 0.9 	 0.8 	 0.3 	 0.1

	 0.875 	 0.9 	 0.8 	 0.4 	 0.1

	 0.875 	 0.9 	 0.8 	 0.5 	 0.1

	 0.8804347826086957 	 0.9 	 0.8 	 0.6 	 0.1

	 0.8858695652173914 	 0.9 	 0.8 	 0.7 	 0.1

	 0.8858695652173914 	 0.9 	 0.8 	 0.8 	 0.1

	 0.8804347826086957 	 0.9 	 0.8 	 0.9 	 0.1

	 0.8804347826086957 	 0.9 	 0.8 	 0.9 	 0.2

	 0.8804347826086957 	 0.9 	 0.8 	 1.0 	 0.1

	 0.8804347826086957 	 0.9 	 0.8 	 1.0 	 0.2

	 0.875 	 0.9 	 0.9 	 0.1 	 0.3

	 0.875 	 0.9 	 0.9 	 0.1 	 0.4

	 0.875 	 0.9 	 0.9 	 0.1 	 0.5

	 0.8804347826086957 	 0.9 	 0.9 	 0.1 	 0.6

	 0.8804347826086957 	 0.9 	 0.9 	 0.1 	 0.7

	 0.8858695652173914 	 0.9 	 0.9 	 0.1 	 0.8

	 0.8858695652173914 	 0.9 	 0.9 	 0.1 	 0.9

	 0.8858695652173914 	 0.9 	 0.9 	 0.1 	 1.0

	 0.8858695652173914 	 0.9 	 0.9 	 0.2 	 0.8

	 0.8858695652173914 	 0.9 	 0.9 	 0.2 	 0.9

	 0.8858695652173914 	 0.9 	 0.9 	 0.2 	 1.0

	 0.875 	 0.9 	 0.9 	 0.3 	 0.1

	 0.875 	 0.9 	 0.9 	 0.4 	 0.1

	 0.875 	 0.9 	 0.9 	 0.5 	 0.1

	 0.8804347826086957 	 0.9 	 0.9 	 0.6 	 0.1

	 0.8858695652173914 	 0.9 	 0.9 	 0.7 	 0.1

	 0.8858695652173914 	 0.9 	 0.9 	 0.8 	 0.1

	 0.8858695652173914 	 0.9 	 0.9 	 0.8 	 0.2

	 0.8804347826086957 	 0.9 	 0.9 	 0.9 	 0.1

	 0.8804347826086957 	 0.9 	 0.9 	 0.9 	 0.2

	 0.8804347826086957 	 0.9 	 0.9 	 1.0 	 0.1

	 0.8804347826086957 	 0.9 	 0.9 	 1.0 	 0.2

	 0.875 	 0.9 	 1.0 	 0.1 	 0.3

	 0.875 	 0.9 	 1.0 	 0.1 	 0.4

	 0.875 	 0.9 	 1.0 	 0.1 	 0.5

	 0.8804347826086957 	 0.9 	 1.0 	 0.1 	 0.6

	 0.8804347826086957 	 0.9 	 1.0 	 0.1 	 0.7

	 0.8858695652173914 	 0.9 	 1.0 	 0.1 	 0.8

	 0.8858695652173914 	 0.9 	 1.0 	 0.1 	 0.9

	 0.8858695652173914 	 0.9 	 1.0 	 0.1 	 1.0

	 0.8858695652173914 	 0.9 	 1.0 	 0.2 	 0.8

	 0.8858695652173914 	 0.9 	 1.0 	 0.2 	 0.9

	 0.8858695652173914 	 0.9 	 1.0 	 0.2 	 1.0

	 0.875 	 0.9 	 1.0 	 0.3 	 0.1

	 0.875 	 0.9 	 1.0 	 0.4 	 0.1

	 0.875 	 0.9 	 1.0 	 0.5 	 0.1

	 0.8804347826086957 	 0.9 	 1.0 	 0.6 	 0.1

	 0.8858695652173914 	 0.9 	 1.0 	 0.7 	 0.1

	 0.8858695652173914 	 0.9 	 1.0 	 0.8 	 0.1

	 0.8858695652173914 	 0.9 	 1.0 	 0.8 	 0.2

	 0.8804347826086957 	 0.9 	 1.0 	 0.9 	 0.1

	 0.8804347826086957 	 0.9 	 1.0 	 0.9 	 0.2

	 0.8804347826086957 	 0.9 	 1.0 	 1.0 	 0.1

	 0.8804347826086957 	 0.9 	 1.0 	 1.0 	 0.2

	 0.8804347826086957 	 1.0 	 0.1 	 0.3 	 0.6

	 0.8804347826086957 	 1.0 	 0.1 	 0.3 	 0.7

	 0.8858695652173914 	 1.0 	 0.1 	 0.3 	 0.8

	 0.8858695652173914 	 1.0 	 0.1 	 0.3 	 0.9

	 0.8858695652173914 	 1.0 	 0.1 	 0.3 	 1.0

	 0.8804347826086957 	 1.0 	 0.1 	 0.4 	 0.5

	 0.8804347826086957 	 1.0 	 0.1 	 0.4 	 0.6

	 0.8804347826086957 	 1.0 	 0.1 	 0.4 	 0.7

	 0.8858695652173914 	 1.0 	 0.1 	 0.4 	 0.8

	 0.8858695652173914 	 1.0 	 0.1 	 0.4 	 0.9

	 0.8858695652173914 	 1.0 	 0.1 	 0.4 	 1.0

	 0.8967391304347826 	 1.0 	 0.1 	 0.5 	 0.4

	 0.8804347826086957 	 1.0 	 0.1 	 0.5 	 0.5

	 0.8804347826086957 	 1.0 	 0.1 	 0.5 	 0.6

	 0.8804347826086957 	 1.0 	 0.1 	 0.5 	 0.7

	 0.8858695652173914 	 1.0 	 0.1 	 0.5 	 0.8

	 0.8858695652173914 	 1.0 	 0.1 	 0.5 	 0.9

	 0.8858695652173914 	 1.0 	 0.1 	 0.5 	 1.0

	 0.8913043478260869 	 1.0 	 0.1 	 0.6 	 0.3

	 0.8913043478260869 	 1.0 	 0.1 	 0.6 	 0.4

	 0.8858695652173914 	 1.0 	 0.1 	 0.6 	 0.5

	 0.8804347826086957 	 1.0 	 0.1 	 0.6 	 0.6

	 0.8804347826086957 	 1.0 	 0.1 	 0.6 	 0.7

	 0.8858695652173914 	 1.0 	 0.1 	 0.6 	 0.8

	 0.8858695652173914 	 1.0 	 0.1 	 0.6 	 0.9

	 0.8858695652173914 	 1.0 	 0.1 	 0.6 	 1.0

	 0.8913043478260869 	 1.0 	 0.1 	 0.7 	 0.3

	 0.8913043478260869 	 1.0 	 0.1 	 0.7 	 0.4

	 0.8858695652173914 	 1.0 	 0.1 	 0.7 	 0.5

	 0.8804347826086957 	 1.0 	 0.1 	 0.7 	 0.6

	 0.8804347826086957 	 1.0 	 0.1 	 0.7 	 0.7

	 0.8858695652173914 	 1.0 	 0.1 	 0.7 	 0.8

	 0.8858695652173914 	 1.0 	 0.1 	 0.7 	 0.9

	 0.8858695652173914 	 1.0 	 0.1 	 0.7 	 1.0

	 0.8913043478260869 	 1.0 	 0.1 	 0.8 	 0.3

	 0.8913043478260869 	 1.0 	 0.1 	 0.8 	 0.4

	 0.8858695652173914 	 1.0 	 0.1 	 0.8 	 0.5

	 0.8804347826086957 	 1.0 	 0.1 	 0.8 	 0.6

	 0.8804347826086957 	 1.0 	 0.1 	 0.8 	 0.7

	 0.8804347826086957 	 1.0 	 0.1 	 0.8 	 0.8

	 0.8858695652173914 	 1.0 	 0.1 	 0.8 	 0.9

	 0.8858695652173914 	 1.0 	 0.1 	 0.8 	 1.0

	 0.8858695652173914 	 1.0 	 0.1 	 0.9 	 0.3

	 0.8858695652173914 	 1.0 	 0.1 	 0.9 	 0.4

	 0.8804347826086957 	 1.0 	 0.1 	 0.9 	 0.5

	 0.875 	 1.0 	 0.1 	 0.9 	 0.6

	 0.875 	 1.0 	 0.1 	 0.9 	 0.7

	 0.875 	 1.0 	 0.1 	 0.9 	 0.8

	 0.8804347826086957 	 1.0 	 0.1 	 0.9 	 0.9

	 0.8804347826086957 	 1.0 	 0.1 	 0.9 	 1.0

	 0.8858695652173914 	 1.0 	 0.1 	 1.0 	 0.3

	 0.8858695652173914 	 1.0 	 0.1 	 1.0 	 0.4

	 0.8804347826086957 	 1.0 	 0.1 	 1.0 	 0.5

	 0.875 	 1.0 	 0.1 	 1.0 	 0.6

	 0.875 	 1.0 	 0.1 	 1.0 	 0.7

	 0.875 	 1.0 	 0.1 	 1.0 	 0.8

	 0.8804347826086957 	 1.0 	 0.1 	 1.0 	 0.9

	 0.8804347826086957 	 1.0 	 0.1 	 1.0 	 1.0

	 0.8858695652173914 	 1.0 	 0.2 	 0.7 	 1.0

	 0.8858695652173914 	 1.0 	 0.2 	 0.8 	 0.9

	 0.8858695652173914 	 1.0 	 0.2 	 0.8 	 1.0

	 0.875 	 1.0 	 0.2 	 0.9 	 0.8

	 0.8804347826086957 	 1.0 	 0.2 	 0.9 	 0.9

	 0.8804347826086957 	 1.0 	 0.2 	 0.9 	 1.0

	 0.875 	 1.0 	 0.2 	 1.0 	 0.7

	 0.875 	 1.0 	 0.2 	 1.0 	 0.8

	 0.8804347826086957 	 1.0 	 0.2 	 1.0 	 0.9

	 0.8804347826086957 	 1.0 	 0.2 	 1.0 	 1.0

	 0.8804347826086957 	 1.0 	 0.3 	 0.1 	 0.6

	 0.8804347826086957 	 1.0 	 0.3 	 0.1 	 0.7

	 0.8858695652173914 	 1.0 	 0.3 	 0.1 	 0.8

	 0.8858695652173914 	 1.0 	 0.3 	 0.1 	 0.9

	 0.8858695652173914 	 1.0 	 0.3 	 0.1 	 1.0

	 0.8913043478260869 	 1.0 	 0.3 	 0.6 	 0.1

	 0.8913043478260869 	 1.0 	 0.3 	 0.7 	 0.1

	 0.8913043478260869 	 1.0 	 0.3 	 0.8 	 0.1

	 0.8858695652173914 	 1.0 	 0.3 	 0.9 	 0.1

	 0.8858695652173914 	 1.0 	 0.3 	 1.0 	 0.1

	 0.875 	 1.0 	 0.4 	 0.1 	 0.5

	 0.8804347826086957 	 1.0 	 0.4 	 0.1 	 0.6

	 0.8804347826086957 	 1.0 	 0.4 	 0.1 	 0.7

	 0.8858695652173914 	 1.0 	 0.4 	 0.1 	 0.8

	 0.8858695652173914 	 1.0 	 0.4 	 0.1 	 0.9

	 0.8858695652173914 	 1.0 	 0.4 	 0.1 	 1.0

	 0.8858695652173914 	 1.0 	 0.4 	 0.5 	 0.1

	 0.8913043478260869 	 1.0 	 0.4 	 0.6 	 0.1

	 0.8913043478260869 	 1.0 	 0.4 	 0.7 	 0.1

	 0.8913043478260869 	 1.0 	 0.4 	 0.8 	 0.1

	 0.8858695652173914 	 1.0 	 0.4 	 0.9 	 0.1

	 0.8858695652173914 	 1.0 	 0.4 	 1.0 	 0.1

	 0.875 	 1.0 	 0.5 	 0.1 	 0.4

	 0.875 	 1.0 	 0.5 	 0.1 	 0.5

	 0.8804347826086957 	 1.0 	 0.5 	 0.1 	 0.6

	 0.8804347826086957 	 1.0 	 0.5 	 0.1 	 0.7

	 0.8858695652173914 	 1.0 	 0.5 	 0.1 	 0.8

	 0.8858695652173914 	 1.0 	 0.5 	 0.1 	 0.9

	 0.8858695652173914 	 1.0 	 0.5 	 0.1 	 1.0

	 0.8695652173913043 	 1.0 	 0.5 	 0.4 	 0.1

	 0.8695652173913043 	 1.0 	 0.5 	 0.5 	 0.1

	 0.8858695652173914 	 1.0 	 0.5 	 0.6 	 0.1

	 0.8858695652173914 	 1.0 	 0.5 	 0.7 	 0.1

	 0.8858695652173914 	 1.0 	 0.5 	 0.8 	 0.1

	 0.8804347826086957 	 1.0 	 0.5 	 0.9 	 0.1

	 0.8804347826086957 	 1.0 	 0.5 	 1.0 	 0.1

	 0.875 	 1.0 	 0.6 	 0.1 	 0.3

	 0.875 	 1.0 	 0.6 	 0.1 	 0.4

	 0.875 	 1.0 	 0.6 	 0.1 	 0.5

	 0.875 	 1.0 	 0.6 	 0.1 	 0.6

	 0.875 	 1.0 	 0.6 	 0.1 	 0.7

	 0.8804347826086957 	 1.0 	 0.6 	 0.1 	 0.8

	 0.8804347826086957 	 1.0 	 0.6 	 0.1 	 0.9

	 0.8804347826086957 	 1.0 	 0.6 	 0.1 	 1.0

	 0.875 	 1.0 	 0.6 	 0.3 	 0.1

	 0.875 	 1.0 	 0.6 	 0.4 	 0.1

	 0.875 	 1.0 	 0.6 	 0.5 	 0.1

	 0.8858695652173914 	 1.0 	 0.6 	 0.6 	 0.1

	 0.8858695652173914 	 1.0 	 0.6 	 0.7 	 0.1

	 0.8858695652173914 	 1.0 	 0.6 	 0.8 	 0.1

	 0.8804347826086957 	 1.0 	 0.6 	 0.9 	 0.1

	 0.8804347826086957 	 1.0 	 0.6 	 1.0 	 0.1

	 0.875 	 1.0 	 0.7 	 0.1 	 0.3

	 0.875 	 1.0 	 0.7 	 0.1 	 0.4

	 0.875 	 1.0 	 0.7 	 0.1 	 0.5

	 0.8804347826086957 	 1.0 	 0.7 	 0.1 	 0.6

	 0.8804347826086957 	 1.0 	 0.7 	 0.1 	 0.7

	 0.8858695652173914 	 1.0 	 0.7 	 0.1 	 0.8

	 0.8858695652173914 	 1.0 	 0.7 	 0.1 	 0.9

	 0.8858695652173914 	 1.0 	 0.7 	 0.1 	 1.0

	 0.8858695652173914 	 1.0 	 0.7 	 0.2 	 1.0

	 0.875 	 1.0 	 0.7 	 0.3 	 0.1

	 0.875 	 1.0 	 0.7 	 0.4 	 0.1

	 0.875 	 1.0 	 0.7 	 0.5 	 0.1

	 0.8804347826086957 	 1.0 	 0.7 	 0.6 	 0.1

	 0.8858695652173914 	 1.0 	 0.7 	 0.7 	 0.1

	 0.8858695652173914 	 1.0 	 0.7 	 0.8 	 0.1

	 0.8804347826086957 	 1.0 	 0.7 	 0.9 	 0.1

	 0.8804347826086957 	 1.0 	 0.7 	 1.0 	 0.1

	 0.8804347826086957 	 1.0 	 0.7 	 1.0 	 0.2

	 0.875 	 1.0 	 0.8 	 0.1 	 0.3

	 0.875 	 1.0 	 0.8 	 0.1 	 0.4

	 0.875 	 1.0 	 0.8 	 0.1 	 0.5

	 0.8804347826086957 	 1.0 	 0.8 	 0.1 	 0.6

	 0.8804347826086957 	 1.0 	 0.8 	 0.1 	 0.7

	 0.8858695652173914 	 1.0 	 0.8 	 0.1 	 0.8

	 0.8858695652173914 	 1.0 	 0.8 	 0.1 	 0.9

	 0.8858695652173914 	 1.0 	 0.8 	 0.1 	 1.0

	 0.8858695652173914 	 1.0 	 0.8 	 0.2 	 0.9

	 0.8858695652173914 	 1.0 	 0.8 	 0.2 	 1.0

	 0.875 	 1.0 	 0.8 	 0.3 	 0.1

	 0.875 	 1.0 	 0.8 	 0.4 	 0.1

	 0.875 	 1.0 	 0.8 	 0.5 	 0.1

	 0.8804347826086957 	 1.0 	 0.8 	 0.6 	 0.1

	 0.8858695652173914 	 1.0 	 0.8 	 0.7 	 0.1

	 0.8858695652173914 	 1.0 	 0.8 	 0.8 	 0.1

	 0.8804347826086957 	 1.0 	 0.8 	 0.9 	 0.1

	 0.8804347826086957 	 1.0 	 0.8 	 0.9 	 0.2

	 0.8804347826086957 	 1.0 	 0.8 	 1.0 	 0.1

	 0.8804347826086957 	 1.0 	 0.8 	 1.0 	 0.2

	 0.875 	 1.0 	 0.9 	 0.1 	 0.3

	 0.875 	 1.0 	 0.9 	 0.1 	 0.4

	 0.875 	 1.0 	 0.9 	 0.1 	 0.5

	 0.8804347826086957 	 1.0 	 0.9 	 0.1 	 0.6

	 0.8804347826086957 	 1.0 	 0.9 	 0.1 	 0.7

	 0.8858695652173914 	 1.0 	 0.9 	 0.1 	 0.8

	 0.8858695652173914 	 1.0 	 0.9 	 0.1 	 0.9

	 0.8858695652173914 	 1.0 	 0.9 	 0.1 	 1.0

	 0.8858695652173914 	 1.0 	 0.9 	 0.2 	 0.8

	 0.8858695652173914 	 1.0 	 0.9 	 0.2 	 0.9

	 0.8858695652173914 	 1.0 	 0.9 	 0.2 	 1.0

	 0.875 	 1.0 	 0.9 	 0.3 	 0.1

	 0.875 	 1.0 	 0.9 	 0.4 	 0.1

	 0.875 	 1.0 	 0.9 	 0.5 	 0.1

	 0.8804347826086957 	 1.0 	 0.9 	 0.6 	 0.1

	 0.8858695652173914 	 1.0 	 0.9 	 0.7 	 0.1

	 0.8858695652173914 	 1.0 	 0.9 	 0.8 	 0.1

	 0.8858695652173914 	 1.0 	 0.9 	 0.8 	 0.2

	 0.8804347826086957 	 1.0 	 0.9 	 0.9 	 0.1

	 0.8804347826086957 	 1.0 	 0.9 	 0.9 	 0.2

	 0.8804347826086957 	 1.0 	 0.9 	 1.0 	 0.1

	 0.8804347826086957 	 1.0 	 0.9 	 1.0 	 0.2

	 0.875 	 1.0 	 1.0 	 0.1 	 0.3

	 0.875 	 1.0 	 1.0 	 0.1 	 0.4

	 0.875 	 1.0 	 1.0 	 0.1 	 0.5

	 0.8804347826086957 	 1.0 	 1.0 	 0.1 	 0.6

	 0.8804347826086957 	 1.0 	 1.0 	 0.1 	 0.7

	 0.8858695652173914 	 1.0 	 1.0 	 0.1 	 0.8

	 0.8858695652173914 	 1.0 	 1.0 	 0.1 	 0.9

	 0.8858695652173914 	 1.0 	 1.0 	 0.1 	 1.0

	 0.8804347826086957 	 1.0 	 1.0 	 0.2 	 0.7

	 0.8858695652173914 	 1.0 	 1.0 	 0.2 	 0.8

	 0.8858695652173914 	 1.0 	 1.0 	 0.2 	 0.9

	 0.8858695652173914 	 1.0 	 1.0 	 0.2 	 1.0

	 0.875 	 1.0 	 1.0 	 0.3 	 0.1

	 0.875 	 1.0 	 1.0 	 0.4 	 0.1

	 0.875 	 1.0 	 1.0 	 0.5 	 0.1

	 0.8804347826086957 	 1.0 	 1.0 	 0.6 	 0.1

	 0.8858695652173914 	 1.0 	 1.0 	 0.7 	 0.1

	 0.8858695652173914 	 1.0 	 1.0 	 0.7 	 0.2

	 0.8858695652173914 	 1.0 	 1.0 	 0.8 	 0.1

	 0.8858695652173914 	 1.0 	 1.0 	 0.8 	 0.2

	 0.8804347826086957 	 1.0 	 1.0 	 0.9 	 0.1

	 0.8804347826086957 	 1.0 	 1.0 	 0.9 	 0.2

	 0.8804347826086957 	 1.0 	 1.0 	 1.0 	 0.1

	 0.8804347826086957 	 1.0 	 1.0 	 1.0 	 0.2

done
0.4 0.3 0.1 0.2
